<?xml version="1.0" encoding="UTF-8"?>
<data layer_count="1" is_underwater_allowed="false" is_rotatable="true">
	<mesh file="meshes/building_biome_tiles/foundry_building_multi_a.mesh"/>
	<mesh_low_lod file=""/>
	<mesh_lava file="meshes/building_biome_tiles/foundry_building_multi_a_lava.mesh"/>
	<body file=""/>
	<corner_0 min_height="0" max_height="0" is_snap_layers="false" layer_index="0"/>
	<corner_1 min_height="0" max_height="0" is_snap_layers="false" layer_index="0"/>
	<corner_2 min_height="0" max_height="0" is_snap_layers="false" layer_index="0"/>
	<edge_0 type="0" height="0"/>
	<edge_1 type="0" height="0"/>
	<edge_2 type="0" height="0"/>
	<navmesh>
		<tri>
			<p0 x="-2.40000019e+01" y="0.00000000e+00" z="-1.38564043e+01"/>
			<p1 x="2.12522984e+00" y="0.00000000e+00" z="-8.38893223e+00"/>
			<p2 x="2.40000000e+01" y="0.00000000e+00" z="-1.38564091e+01"/>
		</tri>
		<tri>
			<p0 x="2.39999981e+01" y="0.00000000e+00" z="-1.38564062e+01"/>
			<p1 x="3.11148033e+01" y="0.00000000e+00" z="1.07139254e+01"/>
			<p2 x="4.80000038e+01" y="0.00000000e+00" z="2.77128105e+01"/>
		</tri>
		<tri>
			<p0 x="4.80000000e+01" y="0.00000000e+00" z="2.77128124e+01"/>
			<p1 x="3.31189804e+01" y="0.00000000e+00" z="4.74989395e+01"/>
			<p2 x="2.40000000e+01" y="0.00000000e+00" z="6.92820358e+01"/>
		</tri>
		<tri>
			<p0 x="2.40000038e+01" y="0.00000000e+00" z="6.92820282e+01"/>
			<p1 x="1.49352074e-01" y="0.00000000e+00" z="6.69323273e+01"/>
			<p2 x="-2.39999981e+01" y="0.00000000e+00" z="6.92820435e+01"/>
		</tri>
		<tri>
			<p0 x="-2.40000000e+01" y="0.00000000e+00" z="6.92820358e+01"/>
			<p1 x="-3.14765053e+01" y="0.00000000e+00" z="4.68020859e+01"/>
			<p2 x="-4.80000000e+01" y="0.00000000e+00" z="2.77128181e+01"/>
		</tri>
		<tri>
			<p0 x="-4.80000000e+01" y="0.00000000e+00" z="2.77128181e+01"/>
			<p1 x="-3.26645355e+01" y="0.00000000e+00" z="9.04196072e+00"/>
			<p2 x="-2.40000038e+01" y="0.00000000e+00" z="-1.38564043e+01"/>
		</tri>
		<tri>
			<p0 x="-3.26645355e+01" y="0.00000000e+00" z="9.04196072e+00"/>
			<p1 x="-1.88641701e+01" y="0.00000000e+00" z="-3.97171021e+00"/>
			<p2 x="-2.40000019e+01" y="0.00000000e+00" z="-1.38564043e+01"/>
		</tri>
		<tri>
			<p0 x="-1.88641701e+01" y="0.00000000e+00" z="-3.97171021e+00"/>
			<p1 x="2.12522984e+00" y="0.00000000e+00" z="-8.38893223e+00"/>
			<p2 x="-2.40000038e+01" y="0.00000000e+00" z="-1.38564043e+01"/>
		</tri>
		<tri>
			<p0 x="3.11148033e+01" y="0.00000000e+00" z="1.07139254e+01"/>
			<p1 x="2.39999981e+01" y="0.00000000e+00" z="-1.38564062e+01"/>
			<p2 x="2.12522984e+00" y="0.00000000e+00" z="-8.38893223e+00"/>
		</tri>
		<tri>
			<p0 x="3.11148033e+01" y="0.00000000e+00" z="1.07139254e+01"/>
			<p1 x="3.31189804e+01" y="0.00000000e+00" z="4.74989395e+01"/>
			<p2 x="4.80000000e+01" y="0.00000000e+00" z="2.77128124e+01"/>
		</tri>
		<tri>
			<p0 x="3.31189804e+01" y="0.00000000e+00" z="4.74989395e+01"/>
			<p1 x="2.08999596e+01" y="0.00000000e+00" z="6.40954208e+01"/>
			<p2 x="2.40000038e+01" y="0.00000000e+00" z="6.92820282e+01"/>
		</tri>
		<tri>
			<p0 x="2.08999596e+01" y="0.00000000e+00" z="6.40954208e+01"/>
			<p1 x="1.49352074e-01" y="0.00000000e+00" z="6.69323273e+01"/>
			<p2 x="2.40000000e+01" y="0.00000000e+00" z="6.92820358e+01"/>
		</tri>
		<tri>
			<p0 x="1.49352074e-01" y="0.00000000e+00" z="6.69323273e+01"/>
			<p1 x="-1.82784328e+01" y="0.00000000e+00" z="5.78684654e+01"/>
			<p2 x="-2.40000000e+01" y="0.00000000e+00" z="6.92820358e+01"/>
		</tri>
		<tri>
			<p0 x="-1.82784328e+01" y="0.00000000e+00" z="5.78684654e+01"/>
			<p1 x="-3.14765053e+01" y="0.00000000e+00" z="4.68020859e+01"/>
			<p2 x="-2.39999981e+01" y="0.00000000e+00" z="6.92820435e+01"/>
		</tri>
		<tri>
			<p0 x="-3.14765053e+01" y="0.00000000e+00" z="4.68020859e+01"/>
			<p1 x="-3.64481812e+01" y="0.00000000e+00" z="2.79776554e+01"/>
			<p2 x="-4.80000000e+01" y="0.00000000e+00" z="2.77128181e+01"/>
		</tri>
		<tri>
			<p0 x="-3.26645355e+01" y="0.00000000e+00" z="9.04196072e+00"/>
			<p1 x="-4.80000000e+01" y="0.00000000e+00" z="2.77128181e+01"/>
			<p2 x="-3.64481812e+01" y="0.00000000e+00" z="2.79776554e+01"/>
		</tri>
		<tri>
			<p0 x="-3.64481812e+01" y="0.00000000e+00" z="2.79776554e+01"/>
			<p1 x="-2.36424942e+01" y="0.00000000e+00" z="2.08382072e+01"/>
			<p2 x="-3.26645355e+01" y="0.00000000e+00" z="9.04196072e+00"/>
		</tri>
		<tri>
			<p0 x="-3.14765053e+01" y="0.00000000e+00" z="4.68020859e+01"/>
			<p1 x="-1.82784328e+01" y="0.00000000e+00" z="5.78684654e+01"/>
			<p2 x="-1.93733120e+01" y="0.00000000e+00" z="4.67615623e+01"/>
		</tri>
		<tri>
			<p0 x="3.11148033e+01" y="0.00000000e+00" z="1.07139254e+01"/>
			<p1 x="2.12522984e+00" y="0.00000000e+00" z="-8.38893223e+00"/>
			<p2 x="5.50472260e+00" y="4.02742517e-05" z="7.63236582e-01"/>
		</tri>
	</navmesh>
	<forest>
		<tri>
			<p0 x="2.40000000e+01" y="0.00000000e+00" z="-1.38564091e+01"/>
			<p1 x="1.80084419e+00" y="0.00000000e+00" z="-1.38564072e+01"/>
			<p2 x="1.42406826e+01" y="4.02040532e-05" z="2.36919069e+00"/>
		</tri>
		<tri>
			<p0 x="1.80084419e+00" y="0.00000000e+00" z="-1.38564072e+01"/>
			<p1 x="-2.40000019e+01" y="0.00000000e+00" z="-1.38564043e+01"/>
			<p2 x="-1.88454304e+01" y="0.00000000e+00" z="-4.40816069e+00"/>
		</tri>
		<tri>
			<p0 x="-1.88454304e+01" y="0.00000000e+00" z="-4.40816069e+00"/>
			<p1 x="-2.40000038e+01" y="0.00000000e+00" z="-1.38564043e+01"/>
			<p2 x="-4.79859009e+01" y="0.00000000e+00" z="2.77128181e+01"/>
		</tri>
		<tri>
			<p0 x="-3.15500088e+01" y="0.00000000e+00" z="9.83618259e+00"/>
			<p1 x="-4.79859009e+01" y="0.00000000e+00" z="2.77128181e+01"/>
			<p2 x="-2.00101070e+01" y="0.00000000e+00" z="2.50164356e+01"/>
		</tri>
		<tri>
			<p0 x="-4.79859009e+01" y="0.00000000e+00" z="2.77128181e+01"/>
			<p1 x="-2.40286369e+01" y="0.00000000e+00" z="6.90680084e+01"/>
			<p2 x="-3.43941193e+01" y="0.00000000e+00" z="2.77588711e+01"/>
		</tri>
		<tri>
			<p0 x="-2.40286369e+01" y="0.00000000e+00" z="6.90680084e+01"/>
			<p1 x="9.18054104e+00" y="0.00000000e+00" z="6.89625320e+01"/>
			<p2 x="-1.56791582e+01" y="0.00000000e+00" z="5.59602509e+01"/>
		</tri>
		<tri>
			<p0 x="-1.56791582e+01" y="0.00000000e+00" z="5.59602509e+01"/>
			<p1 x="-3.03722515e+01" y="0.00000000e+00" z="4.08728065e+01"/>
			<p2 x="-2.40286369e+01" y="0.00000000e+00" z="6.90680084e+01"/>
		</tri>
		<tri>
			<p0 x="2.38240433e+01" y="0.00000000e+00" z="6.92078476e+01"/>
			<p1 x="1.86344986e+01" y="0.00000000e+00" z="6.21397095e+01"/>
			<p2 x="9.18054104e+00" y="0.00000000e+00" z="6.89625320e+01"/>
		</tri>
		<tri>
			<p0 x="1.42406826e+01" y="4.02040532e-05" z="2.36919069e+00"/>
			<p1 x="4.11595802e+01" y="0.00000000e+00" z="1.58648539e+01"/>
			<p2 x="2.39999981e+01" y="0.00000000e+00" z="-1.38564062e+01"/>
		</tri>
		<tri>
			<p0 x="4.11595802e+01" y="0.00000000e+00" z="1.58648539e+01"/>
			<p1 x="3.19640198e+01" y="0.00000000e+00" z="1.16804895e+01"/>
			<p2 x="3.01557846e+01" y="0.00000000e+00" z="4.88703003e+01"/>
		</tri>
		<tri>
			<p0 x="4.11595802e+01" y="0.00000000e+00" z="1.58648539e+01"/>
			<p1 x="2.39238853e+01" y="0.00000000e+00" z="6.91501999e+01"/>
			<p2 x="4.75675583e+01" y="0.00000000e+00" z="2.73280201e+01"/>
		</tri>
	</forest>
	<markers>
		<marker vehicle_type="0" type="1">
			<transform m00="1.00000000e+00" m01="0.00000000e+00" m02="0.00000000e+00" m10="0.00000000e+00" m11="1.00000000e+00" m12="0.00000000e+00" m20="0.00000000e+00" m21="0.00000000e+00" m22="1.00000000e+00" tx="7.01865339e+00" ty="4.05238388e-05" tz="-1.86925757e+00"/>
		</marker>
		<marker vehicle_type="0" type="1">
			<transform m00="1.00000000e+00" m01="0.00000000e+00" m02="0.00000000e+00" m10="0.00000000e+00" m11="1.00000000e+00" m12="0.00000000e+00" m20="0.00000000e+00" m21="0.00000000e+00" m22="1.00000000e+00" tx="-2.46444321e+01" ty="0.00000000e+00" tz="1.92269173e+01"/>
		</marker>
		<marker vehicle_type="0" type="1">
			<transform m00="1.00000000e+00" m01="0.00000000e+00" m02="0.00000000e+00" m10="0.00000000e+00" m11="1.00000000e+00" m12="0.00000000e+00" m20="0.00000000e+00" m21="0.00000000e+00" m22="1.00000000e+00" tx="-1.85789490e+01" ty="0.00000000e+00" tz="-4.07702971e+00"/>
		</marker>
	</markers>
	<details>
		<detail name="detail_0" type="3" blink_pattern="" fov="1.00000000e+00" is_volume="true" radius="1.00000000e+00">
			<transform m00="8.64391923e-01" m01="0.00000000e+00" m02="-5.02818644e-01" m10="0.00000000e+00" m11="1.00000000e+00" m12="0.00000000e+00" m20="5.02818644e-01" m21="0.00000000e+00" m22="8.64391923e-01" tx="-4.24514618e+01" ty="2.00000000e+01" tz="4.83616486e+01"/>
			<color x="1.00000000e+00" y="1.00000000e+00" z="1.00000000e+00"/>
			<size x="6.00000000e+01" y="4.00000000e+01" z="8.00000000e+01"/>
		</detail>
		<detail name="detail_1" type="3" blink_pattern="" fov="1.00000000e+00" is_volume="true" radius="1.00000000e+00">
			<transform m00="8.64391923e-01" m01="0.00000000e+00" m02="-5.02818644e-01" m10="0.00000000e+00" m11="1.00000000e+00" m12="0.00000000e+00" m20="5.02818644e-01" m21="0.00000000e+00" m22="8.64391923e-01" tx="-1.03281536e+01" ty="7.50000000e+00" tz="1.57972015e+02"/>
			<color x="1.00000000e+00" y="1.00000000e+00" z="1.00000000e+00"/>
			<size x="3.00000000e+01" y="1.50000000e+01" z="5.00000000e+01"/>
		</detail>
		<detail name="detail_2" type="3" blink_pattern="" fov="1.00000000e+00" is_volume="true" radius="1.00000000e+00">
			<transform m00="8.64391923e-01" m01="0.00000000e+00" m02="-5.02818644e-01" m10="0.00000000e+00" m11="1.00000000e+00" m12="0.00000000e+00" m20="5.02818644e-01" m21="0.00000000e+00" m22="8.64391923e-01" tx="7.08552628e+01" ty="7.50000000e+00" tz="1.12156029e+02"/>
			<color x="1.00000000e+00" y="1.00000000e+00" z="1.00000000e+00"/>
			<size x="2.00000000e+01" y="1.50000000e+01" z="4.00000000e+01"/>
		</detail>
		<detail name="detail_3" type="3" blink_pattern="" fov="1.00000000e+00" is_volume="true" radius="1.00000000e+00">
			<transform m00="8.64391923e-01" m01="0.00000000e+00" m02="-5.02818644e-01" m10="0.00000000e+00" m11="1.00000000e+00" m12="0.00000000e+00" m20="5.02818644e-01" m21="0.00000000e+00" m22="8.64391923e-01" tx="4.47181244e+01" ty="7.50000000e+00" tz="6.72486725e+01"/>
			<color x="1.00000000e+00" y="1.00000000e+00" z="1.00000000e+00"/>
			<size x="2.50000000e+01" y="1.50000000e+01" z="2.50000000e+01"/>
		</detail>
		<detail name="detail_4" type="3" blink_pattern="" fov="1.00000000e+00" is_volume="true" radius="1.00000000e+00">
			<transform m00="8.64391923e-01" m01="0.00000000e+00" m02="-5.02818644e-01" m10="0.00000000e+00" m11="1.00000000e+00" m12="0.00000000e+00" m20="5.02818644e-01" m21="0.00000000e+00" m22="8.64391923e-01" tx="-6.28013458e+01" ty="7.50000000e+00" tz="1.32890869e+02"/>
			<color x="1.00000000e+00" y="1.00000000e+00" z="1.00000000e+00"/>
			<size x="2.50000000e+01" y="1.50000000e+01" z="2.50000000e+01"/>
		</detail>
		<detail name="detail_5" type="3" blink_pattern="" fov="1.00000000e+00" is_volume="true" radius="1.00000000e+00">
			<transform m00="8.64391923e-01" m01="0.00000000e+00" m02="-5.02818644e-01" m10="0.00000000e+00" m11="1.00000000e+00" m12="0.00000000e+00" m20="5.02818644e-01" m21="0.00000000e+00" m22="8.64391923e-01" tx="5.89461250e+01" ty="7.50000000e+00" tz="2.04995163e+02"/>
			<color x="1.00000000e+00" y="1.00000000e+00" z="1.00000000e+00"/>
			<size x="1.00000000e+01" y="1.50000000e+01" z="1.00000000e+01"/>
		</detail>
		<detail name="detail_6" type="3" blink_pattern="" fov="1.00000000e+00" is_volume="true" radius="1.00000000e+00">
			<transform m00="8.64391923e-01" m01="0.00000000e+00" m02="-5.02818644e-01" m10="0.00000000e+00" m11="1.00000000e+00" m12="0.00000000e+00" m20="5.02818644e-01" m21="0.00000000e+00" m22="8.64391923e-01" tx="6.79531250e+01" ty="7.50000000e+00" tz="2.20934967e+02"/>
			<color x="1.00000000e+00" y="1.00000000e+00" z="1.00000000e+00"/>
			<size x="1.00000000e+01" y="1.50000000e+01" z="1.00000000e+01"/>
		</detail>
		<detail name="detail_7" type="3" blink_pattern="" fov="1.00000000e+00" is_volume="true" radius="1.00000000e+00">
			<transform m00="8.64391923e-01" m01="0.00000000e+00" m02="-5.02818644e-01" m10="0.00000000e+00" m11="1.00000000e+00" m12="0.00000000e+00" m20="5.02818644e-01" m21="0.00000000e+00" m22="8.64391923e-01" tx="4.46174889e+01" ty="7.50000000e+00" tz="2.13329926e+02"/>
			<color x="1.00000000e+00" y="1.00000000e+00" z="1.00000000e+00"/>
			<size x="1.00000000e+01" y="1.50000000e+01" z="1.00000000e+01"/>
		</detail>
		<detail name="detail_8" type="3" blink_pattern="" fov="1.00000000e+00" is_volume="true" radius="1.00000000e+00">
			<transform m00="8.64391923e-01" m01="0.00000000e+00" m02="-5.02818644e-01" m10="0.00000000e+00" m11="1.00000000e+00" m12="0.00000000e+00" m20="5.02818644e-01" m21="0.00000000e+00" m22="8.64391923e-01" tx="5.37431602e+01" ty="7.50000000e+00" tz="2.29571136e+02"/>
			<color x="1.00000000e+00" y="1.00000000e+00" z="1.00000000e+00"/>
			<size x="1.00000000e+01" y="1.50000000e+01" z="1.00000000e+01"/>
		</detail>
		<detail name="detail_9" type="3" blink_pattern="" fov="1.00000000e+00" is_volume="true" radius="1.00000000e+00">
			<transform m00="8.64391923e-01" m01="0.00000000e+00" m02="-5.02818644e-01" m10="0.00000000e+00" m11="1.00000000e+00" m12="0.00000000e+00" m20="5.02818644e-01" m21="0.00000000e+00" m22="8.64391923e-01" tx="3.23512611e+01" ty="5.00000000e+00" tz="1.43807755e+02"/>
			<color x="1.00000000e+00" y="1.00000000e+00" z="1.00000000e+00"/>
			<size x="8.00000000e+01" y="1.00000000e+01" z="5.00000000e+00"/>
		</detail>
		<detail name="detail_10" type="3" blink_pattern="" fov="1.00000000e+00" is_volume="true" radius="1.00000000e+00">
			<transform m00="8.64391923e-01" m01="0.00000000e+00" m02="-5.02818644e-01" m10="0.00000000e+00" m11="1.00000000e+00" m12="0.00000000e+00" m20="5.02818644e-01" m21="0.00000000e+00" m22="8.64391923e-01" tx="2.67286282e+01" ty="5.00000000e+00" tz="1.23112717e+02"/>
			<color x="1.00000000e+00" y="1.00000000e+00" z="1.00000000e+00"/>
			<size x="8.00000000e+01" y="1.00000000e+01" z="5.00000000e+00"/>
		</detail>
		<detail name="detail_11" type="3" blink_pattern="" fov="1.00000000e+00" is_volume="true" radius="1.00000000e+00">
			<transform m00="8.64391923e-01" m01="0.00000000e+00" m02="-5.02818644e-01" m10="0.00000000e+00" m11="1.00000000e+00" m12="0.00000000e+00" m20="5.02818644e-01" m21="0.00000000e+00" m22="8.64391923e-01" tx="-7.99913788e+00" ty="7.50000000e+00" tz="9.46229248e+01"/>
			<color x="1.00000000e+00" y="1.00000000e+00" z="1.00000000e+00"/>
			<size x="3.00000000e+01" y="1.50000000e+01" z="2.00000000e+01"/>
		</detail>
		<detail name="detail_12" type="3" blink_pattern="" fov="1.00000000e+00" is_volume="true" radius="1.00000000e+00">
			<transform m00="8.64391923e-01" m01="0.00000000e+00" m02="-5.02818644e-01" m10="0.00000000e+00" m11="1.00000000e+00" m12="0.00000000e+00" m20="5.02818644e-01" m21="0.00000000e+00" m22="8.64391923e-01" tx="1.08059111e+01" ty="5.00000000e+00" tz="7.77333221e+01"/>
			<color x="1.00000000e+00" y="1.00000000e+00" z="1.00000000e+00"/>
			<size x="6.00000000e+01" y="1.00000000e+01" z="5.00000000e+00"/>
		</detail>
		<detail name="detail_13" type="3" blink_pattern="" fov="1.00000000e+00" is_volume="true" radius="1.00000000e+00">
			<transform m00="8.64391923e-01" m01="0.00000000e+00" m02="-5.02818644e-01" m10="0.00000000e+00" m11="1.00000000e+00" m12="0.00000000e+00" m20="5.02818644e-01" m21="0.00000000e+00" m22="8.64391923e-01" tx="1.48579025e+01" ty="5.00000000e+00" tz="8.67779312e+01"/>
			<color x="1.00000000e+00" y="1.00000000e+00" z="1.00000000e+00"/>
			<size x="6.00000000e+01" y="1.00000000e+01" z="5.00000000e+00"/>
		</detail>
		<detail name="detail_14" type="3" blink_pattern="" fov="1.00000000e+00" is_volume="true" radius="1.00000000e+00">
			<transform m00="8.64391923e-01" m01="0.00000000e+00" m02="-5.02818644e-01" m10="0.00000000e+00" m11="1.00000000e+00" m12="0.00000000e+00" m20="5.02818644e-01" m21="0.00000000e+00" m22="8.64391923e-01" tx="4.02735329e+01" ty="5.00000000e+00" tz="1.85660233e+02"/>
			<color x="1.00000000e+00" y="1.00000000e+00" z="1.00000000e+00"/>
			<size x="1.35000000e+02" y="1.00000000e+01" z="5.00000000e+00"/>
		</detail>
		<detail name="detail_15" type="3" blink_pattern="" fov="1.00000000e+00" is_volume="true" radius="1.00000000e+00">
			<transform m00="5.02818584e-01" m01="0.00000000e+00" m02="8.64391923e-01" m10="0.00000000e+00" m11="1.00000000e+00" m12="0.00000000e+00" m20="-8.64391923e-01" m21="0.00000000e+00" m22="5.02818584e-01" tx="7.26959610e+01" ty="5.00000000e+00" tz="1.06203178e+02"/>
			<color x="1.00000000e+00" y="1.00000000e+00" z="1.00000000e+00"/>
			<size x="1.10000000e+02" y="1.00000000e+01" z="5.00000000e+00"/>
		</detail>
		<detail name="detail_16" type="3" blink_pattern="" fov="1.00000000e+00" is_volume="true" radius="1.00000000e+00">
			<transform m00="5.02818584e-01" m01="0.00000000e+00" m02="8.64391923e-01" m10="0.00000000e+00" m11="1.00000000e+00" m12="0.00000000e+00" m20="-8.64391923e-01" m21="0.00000000e+00" m22="5.02818584e-01" tx="-4.23413315e+01" ty="5.00000000e+00" tz="1.73420883e+02"/>
			<color x="1.00000000e+00" y="1.00000000e+00" z="1.00000000e+00"/>
			<size x="1.10000000e+02" y="1.00000000e+01" z="5.00000000e+00"/>
		</detail>
	</details>
</data>

