<?xml version="1.0" encoding="UTF-8"?>
<data layer_count="1" is_underwater_allowed="false" is_rotatable="true">
	<mesh file="meshes/building_biome_tiles/communication_command_building_b_multi_large_a.mesh"/>
	<mesh_low_lod file=""/>
	<mesh_lava file=""/>
	<body file=""/>
	<corner_0 min_height="0" max_height="0" is_snap_layers="false" layer_index="0"/>
	<corner_1 min_height="0" max_height="0" is_snap_layers="false" layer_index="0"/>
	<corner_2 min_height="0" max_height="0" is_snap_layers="false" layer_index="0"/>
	<edge_0 type="0" height="0"/>
	<edge_1 type="0" height="0"/>
	<edge_2 type="0" height="0"/>
	<navmesh>
		<tri>
			<p0 x="-4.80000000e+01" y="5.00000000e-01" z="2.77128181e+01"/>
			<p1 x="-2.60669174e+01" y="5.00000000e-01" z="-4.51937819e+00"/>
			<p2 x="-2.40000019e+01" y="5.00000000e-01" z="-1.38564062e+01"/>
		</tri>
		<tri>
			<p0 x="-4.80000000e+01" y="5.00000000e-01" z="2.77128181e+01"/>
			<p1 x="1.90734863e-06" y="5.00000000e-01" z="2.77128181e+01"/>
			<p2 x="-1.35213089e+01" y="5.00000000e-01" z="2.59579544e+01"/>
		</tri>
		<tri>
			<p0 x="4.80000038e+01" y="5.00000000e-01" z="2.77128105e+01"/>
			<p1 x="3.10466595e+01" y="5.00000000e-01" z="2.27371445e+01"/>
			<p2 x="1.90734863e-06" y="5.00000000e-01" z="2.77128181e+01"/>
		</tri>
		<tri>
			<p0 x="4.80000038e+01" y="5.00000000e-01" z="2.77128105e+01"/>
			<p1 x="2.40000038e+01" y="5.00000000e-01" z="-1.38564119e+01"/>
			<p2 x="3.25135193e+01" y="5.00000000e-01" z="4.72000360e+00"/>
		</tri>
		<tri>
			<p0 x="2.40000038e+01" y="5.00000000e-01" z="-1.38564119e+01"/>
			<p1 x="-2.42273109e-06" y="5.00000000e-01" z="-5.54256287e+01"/>
			<p2 x="9.08014870e+00" y="5.00000000e-01" z="-3.27807312e+01"/>
		</tri>
		<tri>
			<p0 x="-2.42273109e-06" y="5.00000000e-01" z="-5.54256287e+01"/>
			<p1 x="-2.39999962e+01" y="5.00000000e-01" z="-1.38564072e+01"/>
			<p2 x="-1.45477982e+01" y="5.00000000e-01" z="-2.68937740e+01"/>
		</tri>
		<tri>
			<p0 x="-1.45477982e+01" y="5.00000000e-01" z="-2.68937740e+01"/>
			<p1 x="-2.14439511e-01" y="5.00000000e-01" z="-3.63515854e+01"/>
			<p2 x="-2.42273109e-06" y="5.00000000e-01" z="-5.54256287e+01"/>
		</tri>
		<tri>
			<p0 x="-2.14439511e-01" y="5.00000000e-01" z="-3.63515854e+01"/>
			<p1 x="9.08014870e+00" y="5.00000000e-01" z="-3.27807312e+01"/>
			<p2 x="-2.42273109e-06" y="5.00000000e-01" z="-5.54256287e+01"/>
		</tri>
		<tri>
			<p0 x="-2.14439511e-01" y="5.00000000e-01" z="-3.63515854e+01"/>
			<p1 x="1.76398201e+01" y="5.00000000e-01" z="-2.01944904e+01"/>
			<p2 x="9.08014870e+00" y="5.00000000e-01" z="-3.27807312e+01"/>
		</tri>
		<tri>
			<p0 x="1.76398201e+01" y="5.00000000e-01" z="-2.01944904e+01"/>
			<p1 x="2.40000038e+01" y="5.00000000e-01" z="-1.38564119e+01"/>
			<p2 x="9.08014870e+00" y="5.00000000e-01" z="-3.27807312e+01"/>
		</tri>
		<tri>
			<p0 x="1.76398201e+01" y="5.00000000e-01" z="-2.01944904e+01"/>
			<p1 x="3.25135193e+01" y="5.00000000e-01" z="4.72000360e+00"/>
			<p2 x="2.40000038e+01" y="5.00000000e-01" z="-1.38564119e+01"/>
		</tri>
		<tri>
			<p0 x="3.25135193e+01" y="5.00000000e-01" z="4.72000360e+00"/>
			<p1 x="2.88102360e+01" y="5.00000000e-01" z="1.13031263e+01"/>
			<p2 x="4.80000038e+01" y="5.00000000e-01" z="2.77128105e+01"/>
		</tri>
		<tri>
			<p0 x="3.10466595e+01" y="5.00000000e-01" z="2.27371445e+01"/>
			<p1 x="4.80000038e+01" y="5.00000000e-01" z="2.77128105e+01"/>
			<p2 x="2.88102360e+01" y="5.00000000e-01" z="1.13031263e+01"/>
		</tri>
		<tri>
			<p0 x="2.88102360e+01" y="5.00000000e-01" z="1.13031263e+01"/>
			<p1 x="1.64092293e+01" y="5.00000000e-01" z="1.85799427e+01"/>
			<p2 x="3.10466595e+01" y="5.00000000e-01" z="2.27371445e+01"/>
		</tri>
		<tri>
			<p0 x="-3.52891609e-02" y="5.58958650e-01" z="2.63960361e+01"/>
			<p1 x="3.10466595e+01" y="5.00000000e-01" z="2.27371445e+01"/>
			<p2 x="1.54876432e+01" y="5.00000000e-01" z="1.91604424e+01"/>
		</tri>
		<tri>
			<p0 x="3.10466595e+01" y="5.00000000e-01" z="2.27371445e+01"/>
			<p1 x="1.64092293e+01" y="5.00000000e-01" z="1.85799427e+01"/>
			<p2 x="1.54876432e+01" y="5.00000000e-01" z="1.91604424e+01"/>
		</tri>
		<tri>
			<p0 x="1.64092293e+01" y="5.00000000e-01" z="1.85799427e+01"/>
			<p1 x="1.07734499e+01" y="5.00000000e-01" z="9.30929089e+00"/>
			<p2 x="9.88654709e+00" y="5.00000000e-01" z="9.79188824e+00"/>
		</tri>
		<tri>
			<p0 x="9.88654709e+00" y="5.00000000e-01" z="9.79188824e+00"/>
			<p1 x="1.54876432e+01" y="5.00000000e-01" z="1.91604424e+01"/>
			<p2 x="1.64092293e+01" y="5.00000000e-01" z="1.85799427e+01"/>
		</tri>
		<tri>
			<p0 x="-3.52891609e-02" y="5.58958650e-01" z="2.63960361e+01"/>
			<p1 x="1.90734863e-06" y="5.00000000e-01" z="2.77128181e+01"/>
			<p2 x="3.10466595e+01" y="5.00000000e-01" z="2.27371445e+01"/>
		</tri>
		<tri>
			<p0 x="-3.52891609e-02" y="5.58958650e-01" z="2.63960361e+01"/>
			<p1 x="-1.35213089e+01" y="5.00000000e-01" z="2.59579544e+01"/>
			<p2 x="1.90734863e-06" y="5.00000000e-01" z="2.77128181e+01"/>
		</tri>
		<tri>
			<p0 x="-1.35213089e+01" y="5.00000000e-01" z="2.59579544e+01"/>
			<p1 x="-2.49828167e+01" y="5.00000000e-01" z="7.36298847e+00"/>
			<p2 x="-4.80000000e+01" y="5.00000000e-01" z="2.77128181e+01"/>
		</tri>
		<tri>
			<p0 x="-2.60669174e+01" y="5.00000000e-01" z="-4.51937819e+00"/>
			<p1 x="-4.80000000e+01" y="5.00000000e-01" z="2.77128181e+01"/>
			<p2 x="-2.49828167e+01" y="5.00000000e-01" z="7.36298847e+00"/>
		</tri>
		<tri>
			<p0 x="-1.45477982e+01" y="5.00000000e-01" z="-2.68937740e+01"/>
			<p1 x="-2.39999962e+01" y="5.00000000e-01" z="-1.38564072e+01"/>
			<p2 x="-1.62642593e+01" y="5.00000000e-01" z="-9.75132370e+00"/>
		</tri>
		<tri>
			<p0 x="-2.60669174e+01" y="5.00000000e-01" z="-4.51937819e+00"/>
			<p1 x="-1.77759151e+01" y="5.00000000e-01" z="-7.99138641e+00"/>
			<p2 x="-2.39999962e+01" y="5.00000000e-01" z="-1.38564072e+01"/>
		</tri>
		<tri>
			<p0 x="-1.62642593e+01" y="5.00000000e-01" z="-9.75132370e+00"/>
			<p1 x="-2.39999962e+01" y="5.00000000e-01" z="-1.38564072e+01"/>
			<p2 x="-1.77759151e+01" y="5.00000000e-01" z="-7.99138641e+00"/>
		</tri>
		<tri>
			<p0 x="-1.62642593e+01" y="5.00000000e-01" z="-9.75132370e+00"/>
			<p1 x="-1.22944183e+01" y="5.00000000e-01" z="-1.60317147e+00"/>
			<p2 x="-1.04034300e+01" y="5.00000000e-01" z="-4.39104414e+00"/>
		</tri>
		<tri>
			<p0 x="-1.22944183e+01" y="5.00000000e-01" z="-1.60317147e+00"/>
			<p1 x="-1.62642593e+01" y="5.00000000e-01" z="-9.75132370e+00"/>
			<p2 x="-1.77759151e+01" y="5.00000000e-01" z="-7.99138641e+00"/>
		</tri>
		<tri>
			<p0 x="-1.04034300e+01" y="5.00000000e-01" z="-4.39104414e+00"/>
			<p1 x="-1.22944183e+01" y="5.00000000e-01" z="-1.60317147e+00"/>
			<p2 x="-9.37873268e+00" y="5.00000000e-01" z="-1.78385580e+00"/>
		</tri>
		<tri>
			<p0 x="-1.22944183e+01" y="5.00000000e-01" z="-1.60317147e+00"/>
			<p1 x="-2.48409605e+00" y="5.00000000e-01" z="1.43907127e+01"/>
			<p2 x="-1.26838005e+00" y="5.00000000e-01" z="1.27992907e+01"/>
		</tri>
		<tri>
			<p0 x="-9.37873268e+00" y="5.00000000e-01" z="-1.78385580e+00"/>
			<p1 x="-1.22944183e+01" y="5.00000000e-01" z="-1.60317147e+00"/>
			<p2 x="-1.26838005e+00" y="5.00000000e-01" z="1.27992907e+01"/>
		</tri>
		<tri>
			<p0 x="-9.37873268e+00" y="5.00000000e-01" z="-1.78385580e+00"/>
			<p1 x="1.63488138e+00" y="5.00000000e-01" z="-6.31837606e+00"/>
			<p2 x="-1.04034300e+01" y="5.00000000e-01" z="-4.39104414e+00"/>
		</tri>
		<tri>
			<p0 x="-1.04034300e+01" y="5.00000000e-01" z="-4.39104414e+00"/>
			<p1 x="1.63488138e+00" y="5.00000000e-01" z="-6.31837606e+00"/>
			<p2 x="7.06927657e-01" y="5.00000000e-01" z="-8.42323303e+00"/>
		</tri>
		<tri>
			<p0 x="7.06927657e-01" y="5.00000000e-01" z="-8.42323303e+00"/>
			<p1 x="1.63488138e+00" y="5.00000000e-01" z="-6.31837606e+00"/>
			<p2 x="9.04307175e+00" y="5.00000000e-01" z="-8.33119202e+00"/>
		</tri>
		<tri>
			<p0 x="1.63488138e+00" y="5.00000000e-01" z="-6.31837606e+00"/>
			<p1 x="7.49233818e+00" y="5.00000000e-01" z="-7.25884104e+00"/>
			<p2 x="9.04307175e+00" y="5.00000000e-01" z="-8.33119202e+00"/>
		</tri>
		<tri>
			<p0 x="9.04307175e+00" y="5.00000000e-01" z="-8.33119202e+00"/>
			<p1 x="1.43206329e+01" y="5.00000000e-01" z="3.27265835e+00"/>
			<p2 x="1.62594013e+01" y="5.00000000e-01" z="4.17044449e+00"/>
		</tri>
		<tri>
			<p0 x="1.43206329e+01" y="5.00000000e-01" z="3.27265835e+00"/>
			<p1 x="9.04307175e+00" y="5.00000000e-01" z="-8.33119202e+00"/>
			<p2 x="7.49233818e+00" y="5.00000000e-01" z="-7.25884104e+00"/>
		</tri>
		<tri>
			<p0 x="1.07734499e+01" y="5.00000000e-01" z="9.30929089e+00"/>
			<p1 x="9.17558098e+00" y="5.00000000e-01" z="7.92000151e+00"/>
			<p2 x="9.88654709e+00" y="5.00000000e-01" z="9.79188824e+00"/>
		</tri>
		<tri>
			<p0 x="9.17558098e+00" y="5.00000000e-01" z="7.92000151e+00"/>
			<p1 x="-1.26838005e+00" y="5.00000000e-01" z="1.27992907e+01"/>
			<p2 x="9.88654709e+00" y="5.00000000e-01" z="9.79188824e+00"/>
		</tri>
		<tri>
			<p0 x="9.88654709e+00" y="5.00000000e-01" z="9.79188824e+00"/>
			<p1 x="-1.26838005e+00" y="5.00000000e-01" z="1.27992907e+01"/>
			<p2 x="-2.48409605e+00" y="5.00000000e-01" z="1.43907127e+01"/>
		</tri>
		<tri>
			<p0 x="9.17558098e+00" y="5.00000000e-01" z="7.92000151e+00"/>
			<p1 x="1.07734499e+01" y="5.00000000e-01" z="9.30929089e+00"/>
			<p2 x="1.43206329e+01" y="5.00000000e-01" z="3.27265835e+00"/>
		</tri>
		<tri>
			<p0 x="1.07734499e+01" y="5.00000000e-01" z="9.30929089e+00"/>
			<p1 x="1.62594013e+01" y="5.00000000e-01" z="4.17044449e+00"/>
			<p2 x="1.43206329e+01" y="5.00000000e-01" z="3.27265835e+00"/>
		</tri>
	</navmesh>
	<forest>
		<tri>
			<p0 x="-1.33922215e+01" y="0.00000000e+00" z="2.68226299e+01"/>
			<p1 x="-3.34219131e+01" y="0.00000000e+00" z="3.44331408e+00"/>
			<p2 x="-4.76430359e+01" y="0.00000000e+00" z="2.73406982e+01"/>
		</tri>
		<tri>
			<p0 x="-2.64545345e+01" y="0.00000000e+00" z="1.00137062e+01"/>
			<p1 x="-1.42041149e+01" y="0.00000000e+00" z="-2.09655914e+01"/>
			<p2 x="-3.34219131e+01" y="0.00000000e+00" z="3.44331408e+00"/>
		</tri>
		<tri>
			<p0 x="-3.34219131e+01" y="0.00000000e+00" z="3.44331408e+00"/>
			<p1 x="-1.42041149e+01" y="0.00000000e+00" z="-2.09655914e+01"/>
			<p2 x="-4.08880532e-01" y="0.00000000e+00" z="-5.41919060e+01"/>
		</tri>
		<tri>
			<p0 x="-1.01693468e+01" y="0.00000000e+00" z="-2.96860008e+01"/>
			<p1 x="7.56483173e+00" y="0.00000000e+00" z="-4.09023285e+01"/>
			<p2 x="-4.08880532e-01" y="0.00000000e+00" z="-5.41919060e+01"/>
		</tri>
		<tri>
			<p0 x="6.44127965e-01" y="0.00000000e+00" z="-3.56813126e+01"/>
			<p1 x="8.25235176e+00" y="0.00000000e+00" z="-2.35464191e+01"/>
			<p2 x="1.78654652e+01" y="0.00000000e+00" z="-2.26131268e+01"/>
		</tri>
		<tri>
			<p0 x="1.78654652e+01" y="0.00000000e+00" z="-2.26131268e+01"/>
			<p1 x="7.56483173e+00" y="0.00000000e+00" z="-4.09023285e+01"/>
			<p2 x="6.44127965e-01" y="0.00000000e+00" z="-3.56813126e+01"/>
		</tri>
		<tri>
			<p0 x="1.48405256e+01" y="0.00000000e+00" z="-2.27185993e+01"/>
			<p1 x="3.07032433e+01" y="0.00000000e+00" z="6.23990965e+00"/>
			<p2 x="3.37444267e+01" y="0.00000000e+00" z="4.59472227e+00"/>
		</tri>
		<tri>
			<p0 x="3.37444267e+01" y="0.00000000e+00" z="4.59472227e+00"/>
			<p1 x="1.78654652e+01" y="0.00000000e+00" z="-2.26131268e+01"/>
			<p2 x="1.48405256e+01" y="0.00000000e+00" z="-2.27185993e+01"/>
		</tri>
		<tri>
			<p0 x="3.37444267e+01" y="0.00000000e+00" z="4.59472227e+00"/>
			<p1 x="1.98495064e+01" y="0.00000000e+00" z="1.49508858e+01"/>
			<p2 x="4.72575836e+01" y="0.00000000e+00" z="2.71807938e+01"/>
		</tri>
		<tri>
			<p0 x="1.98495064e+01" y="0.00000000e+00" z="1.49508858e+01"/>
			<p1 x="2.92472286e+01" y="0.00000000e+00" z="2.68096619e+01"/>
			<p2 x="4.72575836e+01" y="0.00000000e+00" z="2.71807938e+01"/>
		</tri>
		<tri>
			<p0 x="1.10321178e+01" y="0.00000000e+00" z="2.03794632e+01"/>
			<p1 x="-1.07553685e+00" y="0.00000000e+00" z="2.64101696e+01"/>
			<p2 x="1.49610271e+01" y="0.00000000e+00" z="2.71412525e+01"/>
		</tri>
		<tri>
			<p0 x="-1.07553685e+00" y="0.00000000e+00" z="2.64101696e+01"/>
			<p1 x="-8.89139652e+00" y="0.00000000e+00" z="2.45740261e+01"/>
			<p2 x="-1.33922215e+01" y="0.00000000e+00" z="2.68226299e+01"/>
		</tri>
	</forest>
	<markers>
		<marker vehicle_type="0" type="3">
			<transform m00="1.00000000e+00" m01="0.00000000e+00" m02="0.00000000e+00" m10="0.00000000e+00" m11="1.00000000e+00" m12="0.00000000e+00" m20="0.00000000e+00" m21="0.00000000e+00" m22="1.00000000e+00" tx="-3.43312454e+00" ty="5.09523678e+00" tz="-2.58870106e+01"/>
		</marker>
		<marker vehicle_type="0" type="4">
			<transform m00="1.00000000e+00" m01="0.00000000e+00" m02="0.00000000e+00" m10="0.00000000e+00" m11="1.00000000e+00" m12="0.00000000e+00" m20="0.00000000e+00" m21="0.00000000e+00" m22="1.00000000e+00" tx="7.57239914e+00" ty="0.00000000e+00" tz="-2.80504169e+01"/>
		</marker>
		<marker vehicle_type="0" type="4">
			<transform m00="1.00000000e+00" m01="0.00000000e+00" m02="0.00000000e+00" m10="0.00000000e+00" m11="1.00000000e+00" m12="0.00000000e+00" m20="0.00000000e+00" m21="0.00000000e+00" m22="1.00000000e+00" tx="2.51739526e+00" ty="0.00000000e+00" tz="-3.39893723e+01"/>
		</marker>
		<marker vehicle_type="0" type="4">
			<transform m00="1.00000000e+00" m01="0.00000000e+00" m02="0.00000000e+00" m10="0.00000000e+00" m11="1.00000000e+00" m12="0.00000000e+00" m20="0.00000000e+00" m21="0.00000000e+00" m22="1.00000000e+00" tx="-6.96505022e+00" ty="0.00000000e+00" tz="-3.43469887e+01"/>
		</marker>
		<marker vehicle_type="0" type="4">
			<transform m00="1.00000000e+00" m01="0.00000000e+00" m02="0.00000000e+00" m10="0.00000000e+00" m11="1.00000000e+00" m12="0.00000000e+00" m20="0.00000000e+00" m21="0.00000000e+00" m22="1.00000000e+00" tx="-1.28661690e+01" ty="0.00000000e+00" tz="-2.66841946e+01"/>
		</marker>
		<marker vehicle_type="0" type="4">
			<transform m00="1.00000000e+00" m01="0.00000000e+00" m02="0.00000000e+00" m10="0.00000000e+00" m11="1.00000000e+00" m12="0.00000000e+00" m20="0.00000000e+00" m21="0.00000000e+00" m22="1.00000000e+00" tx="-1.32382431e+01" ty="0.00000000e+00" tz="-1.92936344e+01"/>
		</marker>
		<marker vehicle_type="0" type="1">
			<transform m00="1.00000000e+00" m01="0.00000000e+00" m02="0.00000000e+00" m10="0.00000000e+00" m11="1.00000000e+00" m12="0.00000000e+00" m20="0.00000000e+00" m21="0.00000000e+00" m22="1.00000000e+00" tx="-5.61959076e+00" ty="0.00000000e+00" tz="8.42667961e+00"/>
		</marker>
		<marker vehicle_type="0" type="1">
			<transform m00="1.00000000e+00" m01="0.00000000e+00" m02="0.00000000e+00" m10="0.00000000e+00" m11="1.00000000e+00" m12="0.00000000e+00" m20="0.00000000e+00" m21="0.00000000e+00" m22="1.00000000e+00" tx="1.13110790e+01" ty="0.00000000e+00" tz="-2.03742909e+00"/>
		</marker>
		<marker vehicle_type="0" type="1">
			<transform m00="1.00000000e+00" m01="0.00000000e+00" m02="0.00000000e+00" m10="0.00000000e+00" m11="1.00000000e+00" m12="0.00000000e+00" m20="0.00000000e+00" m21="0.00000000e+00" m22="1.00000000e+00" tx="-3.79741263e+00" ty="0.00000000e+00" tz="-6.13019037e+00"/>
		</marker>
		<marker vehicle_type="0" type="1">
			<transform m00="1.00000000e+00" m01="0.00000000e+00" m02="0.00000000e+00" m10="0.00000000e+00" m11="1.00000000e+00" m12="0.00000000e+00" m20="0.00000000e+00" m21="0.00000000e+00" m22="1.00000000e+00" tx="6.28583527e+00" ty="0.00000000e+00" tz="-1.01472178e+01"/>
		</marker>
		<marker vehicle_type="4" type="0">
			<transform m00="8.66025388e-01" m01="0.00000000e+00" m02="-5.00000000e-01" m10="0.00000000e+00" m11="1.00000000e+00" m12="0.00000000e+00" m20="5.00000000e-01" m21="0.00000000e+00" m22="8.66025388e-01" tx="1.76744213e+01" ty="3.64700627e+00" tz="1.19309921e+01"/>
		</marker>
		<marker vehicle_type="4" type="0">
			<transform m00="4.99999970e-01" m01="0.00000000e+00" m02="8.66025448e-01" m10="0.00000000e+00" m11="1.00000000e+00" m12="0.00000000e+00" m20="-8.66025448e-01" m21="0.00000000e+00" m22="4.99999970e-01" tx="-1.27713261e+01" ty="1.65974545e+00" tz="1.49123631e+01"/>
		</marker>
		<marker vehicle_type="4" type="0">
			<transform m00="4.99999970e-01" m01="0.00000000e+00" m02="8.66025448e-01" m10="0.00000000e+00" m11="1.00000000e+00" m12="0.00000000e+00" m20="-8.66025448e-01" m21="0.00000000e+00" m22="4.99999970e-01" tx="-5.24789906e+00" ty="3.80379581e+00" tz="1.94034367e+01"/>
		</marker>
	</markers>
	<details>
		<detail name="detail_0" type="0" blink_pattern="++++--++++--------------------" fov="1.00000000e+00" is_volume="true" radius="1.00000000e+00">
			<transform m00="1.00000000e+00" m01="0.00000000e+00" m02="0.00000000e+00" m10="0.00000000e+00" m11="1.00000000e+00" m12="0.00000000e+00" m20="0.00000000e+00" m21="0.00000000e+00" m22="1.00000000e+00" tx="-2.49166603e+01" ty="5.41953888e+01" tz="-9.08824921e+01"/>
			<color x="4.00000000e+01" y="5.00000000e+00" z="5.00000000e+00"/>
			<size x="1.00000000e+00" y="1.00000000e+00" z="1.00000000e+00"/>
		</detail>
		<detail name="detail_1" type="3" blink_pattern="" fov="1.00000000e+00" is_volume="true" radius="1.00000000e+00">
			<transform m00="8.66025388e-01" m01="0.00000000e+00" m02="-5.00000000e-01" m10="0.00000000e+00" m11="1.00000000e+00" m12="0.00000000e+00" m20="5.00000000e-01" m21="0.00000000e+00" m22="8.66025388e-01" tx="-1.29004841e+01" ty="1.46373644e+01" tz="-1.01899368e+02"/>
			<color x="1.00000000e+00" y="1.00000000e+00" z="1.00000000e+00"/>
			<size x="5.00000000e+01" y="3.00000000e+01" z="3.50000000e+01"/>
		</detail>
		<detail name="detail_2" type="3" blink_pattern="" fov="1.00000000e+00" is_volume="true" radius="1.00000000e+00">
			<transform m00="8.66025388e-01" m01="0.00000000e+00" m02="-5.00000000e-01" m10="0.00000000e+00" m11="1.00000000e+00" m12="0.00000000e+00" m20="5.00000000e-01" m21="0.00000000e+00" m22="8.66025388e-01" tx="8.38434067e+01" ty="5.00000000e+00" tz="-2.55933037e+01"/>
			<color x="1.00000000e+00" y="1.00000000e+00" z="1.00000000e+00"/>
			<size x="5.00000000e+00" y="1.00000000e+01" z="1.15000000e+02"/>
		</detail>
		<detail name="detail_3" type="3" blink_pattern="" fov="1.00000000e+00" is_volume="true" radius="1.00000000e+00">
			<transform m00="8.66025388e-01" m01="0.00000000e+00" m02="-5.00000000e-01" m10="0.00000000e+00" m11="1.00000000e+00" m12="0.00000000e+00" m20="5.00000000e-01" m21="0.00000000e+00" m22="8.66025388e-01" tx="-5.89046288e+00" ty="8.96406174e-02" tz="1.81992397e+01"/>
			<color x="1.00000000e+00" y="1.00000000e+00" z="1.00000000e+00"/>
			<size x="5.00000000e+00" y="1.00000000e+01" z="5.00000000e+01"/>
		</detail>
		<detail name="detail_4" type="3" blink_pattern="" fov="1.00000000e+00" is_volume="true" radius="1.00000000e+00">
			<transform m00="8.66025388e-01" m01="0.00000000e+00" m02="-5.00000000e-01" m10="0.00000000e+00" m11="1.00000000e+00" m12="0.00000000e+00" m20="5.00000000e-01" m21="0.00000000e+00" m22="8.66025388e-01" tx="-6.33202057e+01" ty="3.63465285e+00" tz="5.77698708e+01"/>
			<color x="1.00000000e+00" y="1.00000000e+00" z="1.00000000e+00"/>
			<size x="5.00000000e+00" y="1.00000000e+01" z="7.50000000e+01"/>
		</detail>
		<detail name="detail_5" type="3" blink_pattern="" fov="1.00000000e+00" is_volume="true" radius="1.00000000e+00">
			<transform m00="8.66025388e-01" m01="0.00000000e+00" m02="-5.00000000e-01" m10="0.00000000e+00" m11="1.00000000e+00" m12="0.00000000e+00" m20="5.00000000e-01" m21="0.00000000e+00" m22="8.66025388e-01" tx="-1.50216532e+01" ty="5.00000000e+00" tz="8.36148376e+01"/>
			<color x="1.00000000e+00" y="1.00000000e+00" z="1.00000000e+00"/>
			<size x="5.00000000e+00" y="1.00000000e+01" z="2.50000000e+01"/>
		</detail>
		<detail name="detail_6" type="3" blink_pattern="" fov="1.00000000e+00" is_volume="true" radius="1.00000000e+00">
			<transform m00="4.99999970e-01" m01="0.00000000e+00" m02="8.66025388e-01" m10="0.00000000e+00" m11="1.00000000e+00" m12="0.00000000e+00" m20="-8.66025388e-01" m21="0.00000000e+00" m22="4.99999970e-01" tx="9.06642609e+01" ty="5.00000000e+00" tz="3.62250290e+01"/>
			<color x="1.00000000e+00" y="1.00000000e+00" z="1.00000000e+00"/>
			<size x="5.00000000e+00" y="1.00000000e+01" z="5.50000000e+01"/>
		</detail>
		<detail name="detail_7" type="3" blink_pattern="" fov="1.00000000e+00" is_volume="true" radius="1.00000000e+00">
			<transform m00="4.99999970e-01" m01="0.00000000e+00" m02="8.66025388e-01" m10="0.00000000e+00" m11="1.00000000e+00" m12="0.00000000e+00" m20="-8.66025388e-01" m21="0.00000000e+00" m22="4.99999970e-01" tx="1.31807909e+01" ty="5.00000000e+00" tz="8.16141510e+01"/>
			<color x="1.00000000e+00" y="1.00000000e+00" z="1.00000000e+00"/>
			<size x="5.00000000e+00" y="1.00000000e+01" z="5.50000000e+01"/>
		</detail>
		<detail name="detail_8" type="3" blink_pattern="" fov="1.00000000e+00" is_volume="true" radius="1.00000000e+00">
			<transform m00="4.99999970e-01" m01="0.00000000e+00" m02="8.66025388e-01" m10="0.00000000e+00" m11="1.00000000e+00" m12="0.00000000e+00" m20="-8.66025388e-01" m21="0.00000000e+00" m22="4.99999970e-01" tx="-3.25834351e+01" ty="5.00000000e+00" tz="8.22227631e+01"/>
			<color x="1.00000000e+00" y="1.00000000e+00" z="1.00000000e+00"/>
			<size x="5.00000000e+00" y="1.00000000e+01" z="3.30000000e+01"/>
		</detail>
		<detail name="detail_9" type="3" blink_pattern="" fov="1.00000000e+00" is_volume="true" radius="1.00000000e+00">
			<transform m00="4.99999970e-01" m01="0.00000000e+00" m02="8.66025388e-01" m10="0.00000000e+00" m11="1.00000000e+00" m12="0.00000000e+00" m20="-8.66025388e-01" m21="0.00000000e+00" m22="4.99999970e-01" tx="-6.99866943e+01" ty="5.00000000e+00" tz="2.06496563e+01"/>
			<color x="1.00000000e+00" y="1.00000000e+00" z="1.00000000e+00"/>
			<size x="5.00000000e+00" y="1.00000000e+01" z="3.00000000e+01"/>
		</detail>
		<detail name="detail_10" type="3" blink_pattern="" fov="1.00000000e+00" is_volume="true" radius="1.00000000e+00">
			<transform m00="4.99999970e-01" m01="0.00000000e+00" m02="8.66025388e-01" m10="0.00000000e+00" m11="1.00000000e+00" m12="0.00000000e+00" m20="-8.66025388e-01" m21="0.00000000e+00" m22="4.99999970e-01" tx="9.72688866e+00" ty="-1.13004994e+00" tz="6.64327240e+00"/>
			<color x="1.00000000e+00" y="1.00000000e+00" z="1.00000000e+00"/>
			<size x="3.00000000e+01" y="1.00000000e+01" z="4.00000000e+01"/>
		</detail>
		<detail name="detail_11" type="3" blink_pattern="" fov="1.00000000e+00" is_volume="true" radius="1.00000000e+00">
			<transform m00="4.99999970e-01" m01="0.00000000e+00" m02="8.66025388e-01" m10="0.00000000e+00" m11="1.00000000e+00" m12="0.00000000e+00" m20="-8.66025388e-01" m21="0.00000000e+00" m22="4.99999970e-01" tx="7.22101288e+01" ty="-1.13004994e+00" tz="-2.18430023e+01"/>
			<color x="1.00000000e+00" y="1.00000000e+00" z="1.00000000e+00"/>
			<size x="5.00000000e+01" y="1.00000000e+01" z="2.00000000e+01"/>
		</detail>
		<detail name="detail_12" type="3" blink_pattern="" fov="1.00000000e+00" is_volume="true" radius="1.00000000e+00">
			<transform m00="4.99999970e-01" m01="0.00000000e+00" m02="8.66025388e-01" m10="0.00000000e+00" m11="1.00000000e+00" m12="0.00000000e+00" m20="-8.66025388e-01" m21="0.00000000e+00" m22="4.99999970e-01" tx="-5.39037476e+01" ty="4.82537127e+00" tz="5.46794739e+01"/>
			<color x="1.00000000e+00" y="1.00000000e+00" z="1.00000000e+00"/>
			<size x="4.00000000e+01" y="1.00000000e+01" z="2.00000000e+01"/>
		</detail>
	</details>
</data>

