<?xml version="1.0" encoding="UTF-8"?>
<data display_name_loc="0" bounding_radius="3.00000000e+00" lod_scale="1.00000000e+01" ai_type="1">
	<bodies>
		<body mass="1.00000000e+00" name="body" is_static="false">
			<transform m00="1.00000000e+00" m01="0.00000000e+00" m02="0.00000000e+00" m10="0.00000000e+00" m11="1.00000000e+00" m12="0.00000000e+00" m20="0.00000000e+00" m21="0.00000000e+00" m22="1.00000000e+00" tx="0.00000000e+00" ty="1.50000006e-01" tz="0.00000000e+00"/>
			<meshes/>
			<boxes>
				<box>
					<size x="4.00000006e-01" y="4.49999988e-01" z="6.99999988e-01"/>
					<transform m00="1.00000000e+00" m01="0.00000000e+00" m02="0.00000000e+00" m10="0.00000000e+00" m11="1.00000000e+00" m12="0.00000000e+00" m20="0.00000000e+00" m21="0.00000000e+00" m22="1.00000000e+00" tx="0.00000000e+00" ty="5.00000000e-01" tz="-1.50000006e-01"/>
				</box>
			</boxes>
			<spheres/>
		</body>
		<body mass="1.00000000e+00" name="base" is_static="false">
			<transform m00="1.00000000e+00" m01="0.00000000e+00" m02="0.00000000e+00" m10="0.00000000e+00" m11="1.00000000e+00" m12="0.00000000e+00" m20="0.00000000e+00" m21="0.00000000e+00" m22="1.00000000e+00" tx="0.00000000e+00" ty="1.50000006e-01" tz="0.00000000e+00"/>
			<meshes/>
			<boxes>
				<box>
					<size x="4.49999988e-01" y="2.00000003e-01" z="6.99999988e-01"/>
					<transform m00="1.00000000e+00" m01="0.00000000e+00" m02="0.00000000e+00" m10="0.00000000e+00" m11="1.00000000e+00" m12="0.00000000e+00" m20="0.00000000e+00" m21="0.00000000e+00" m22="1.00000000e+00" tx="0.00000000e+00" ty="1.50000006e-01" tz="0.00000000e+00"/>
				</box>
			</boxes>
			<spheres/>
		</body>
		<body mass="1.00000000e+00" name="leg_f_l" is_static="false">
			<transform m00="1.00000000e+00" m01="0.00000000e+00" m02="0.00000000e+00" m10="0.00000000e+00" m11="1.00000000e+00" m12="0.00000000e+00" m20="0.00000000e+00" m21="0.00000000e+00" m22="1.00000000e+00" tx="0.00000000e+00" ty="1.50000006e-01" tz="0.00000000e+00"/>
			<meshes/>
			<boxes>
				<box>
					<size x="2.00000003e-01" y="3.00000012e-01" z="2.89999992e-01"/>
					<transform m00="1.00000000e+00" m01="0.00000000e+00" m02="0.00000000e+00" m10="0.00000000e+00" m11="1.00000000e+00" m12="0.00000000e+00" m20="0.00000000e+00" m21="0.00000000e+00" m22="1.00000000e+00" tx="-3.00000012e-01" ty="-5.00000007e-02" tz="2.00000003e-01"/>
				</box>
			</boxes>
			<spheres/>
		</body>
		<body mass="1.00000000e+00" name="lower_leg_f_l" is_static="false">
			<transform m00="1.00000000e+00" m01="0.00000000e+00" m02="0.00000000e+00" m10="0.00000000e+00" m11="1.00000000e+00" m12="0.00000000e+00" m20="0.00000000e+00" m21="0.00000000e+00" m22="1.00000000e+00" tx="0.00000000e+00" ty="1.50000006e-01" tz="0.00000000e+00"/>
			<meshes/>
			<boxes>
				<box>
					<size x="2.00000003e-01" y="3.00000012e-01" z="2.89999992e-01"/>
					<transform m00="1.00000000e+00" m01="0.00000000e+00" m02="0.00000000e+00" m10="0.00000000e+00" m11="1.00000000e+00" m12="0.00000000e+00" m20="0.00000000e+00" m21="0.00000000e+00" m22="1.00000000e+00" tx="-2.19999999e-01" ty="-2.00000003e-01" tz="2.00000003e-01"/>
				</box>
			</boxes>
			<spheres/>
		</body>
		<body mass="1.00000000e+00" name="leg_b_l" is_static="false">
			<transform m00="1.00000000e+00" m01="0.00000000e+00" m02="0.00000000e+00" m10="0.00000000e+00" m11="1.00000000e+00" m12="0.00000000e+00" m20="0.00000000e+00" m21="0.00000000e+00" m22="1.00000000e+00" tx="0.00000000e+00" ty="1.50000006e-01" tz="0.00000000e+00"/>
			<meshes/>
			<boxes>
				<box>
					<size x="2.00000003e-01" y="3.00000012e-01" z="2.89999992e-01"/>
					<transform m00="1.00000000e+00" m01="0.00000000e+00" m02="0.00000000e+00" m10="0.00000000e+00" m11="1.00000000e+00" m12="0.00000000e+00" m20="0.00000000e+00" m21="0.00000000e+00" m22="1.00000000e+00" tx="-3.00000012e-01" ty="-5.00000007e-02" tz="-3.00000012e-01"/>
				</box>
			</boxes>
			<spheres/>
		</body>
		<body mass="1.00000000e+00" name="lower_leg_b_l" is_static="false">
			<transform m00="1.00000000e+00" m01="0.00000000e+00" m02="0.00000000e+00" m10="0.00000000e+00" m11="1.00000000e+00" m12="0.00000000e+00" m20="0.00000000e+00" m21="0.00000000e+00" m22="1.00000000e+00" tx="0.00000000e+00" ty="1.50000006e-01" tz="0.00000000e+00"/>
			<meshes/>
			<boxes>
				<box>
					<size x="2.00000003e-01" y="3.00000012e-01" z="3.19999993e-01"/>
					<transform m00="1.00000000e+00" m01="0.00000000e+00" m02="0.00000000e+00" m10="0.00000000e+00" m11="1.00000000e+00" m12="0.00000000e+00" m20="0.00000000e+00" m21="0.00000000e+00" m22="1.00000000e+00" tx="-2.19999999e-01" ty="-2.00000003e-01" tz="-2.59999990e-01"/>
				</box>
			</boxes>
			<spheres/>
		</body>
		<body mass="1.00000000e+00" name="leg_b_r" is_static="false">
			<transform m00="1.00000000e+00" m01="0.00000000e+00" m02="0.00000000e+00" m10="0.00000000e+00" m11="1.00000000e+00" m12="0.00000000e+00" m20="0.00000000e+00" m21="0.00000000e+00" m22="1.00000000e+00" tx="0.00000000e+00" ty="1.50000006e-01" tz="0.00000000e+00"/>
			<meshes/>
			<boxes>
				<box>
					<size x="2.00000003e-01" y="3.00000012e-01" z="2.89999992e-01"/>
					<transform m00="1.00000000e+00" m01="0.00000000e+00" m02="0.00000000e+00" m10="0.00000000e+00" m11="1.00000000e+00" m12="0.00000000e+00" m20="0.00000000e+00" m21="0.00000000e+00" m22="1.00000000e+00" tx="3.00000012e-01" ty="-5.00000007e-02" tz="-3.00000012e-01"/>
				</box>
			</boxes>
			<spheres/>
		</body>
		<body mass="1.00000000e+00" name="lower_leg_b_r" is_static="false">
			<transform m00="1.00000000e+00" m01="0.00000000e+00" m02="0.00000000e+00" m10="0.00000000e+00" m11="1.00000000e+00" m12="0.00000000e+00" m20="0.00000000e+00" m21="0.00000000e+00" m22="1.00000000e+00" tx="0.00000000e+00" ty="1.50000006e-01" tz="0.00000000e+00"/>
			<meshes/>
			<boxes>
				<box>
					<size x="2.00000003e-01" y="3.00000012e-01" z="3.19999993e-01"/>
					<transform m00="1.00000000e+00" m01="0.00000000e+00" m02="0.00000000e+00" m10="0.00000000e+00" m11="1.00000000e+00" m12="0.00000000e+00" m20="0.00000000e+00" m21="0.00000000e+00" m22="1.00000000e+00" tx="2.70000011e-01" ty="-2.00000003e-01" tz="-2.59999990e-01"/>
				</box>
			</boxes>
			<spheres/>
		</body>
		<body mass="1.00000000e+00" name="leg_f_r" is_static="false">
			<transform m00="1.00000000e+00" m01="0.00000000e+00" m02="0.00000000e+00" m10="0.00000000e+00" m11="1.00000000e+00" m12="0.00000000e+00" m20="0.00000000e+00" m21="0.00000000e+00" m22="1.00000000e+00" tx="0.00000000e+00" ty="1.50000006e-01" tz="0.00000000e+00"/>
			<meshes/>
			<boxes>
				<box>
					<size x="2.00000003e-01" y="3.00000012e-01" z="2.89999992e-01"/>
					<transform m00="1.00000000e+00" m01="0.00000000e+00" m02="0.00000000e+00" m10="0.00000000e+00" m11="1.00000000e+00" m12="0.00000000e+00" m20="0.00000000e+00" m21="0.00000000e+00" m22="1.00000000e+00" tx="3.30000013e-01" ty="-5.00000007e-02" tz="2.00000003e-01"/>
				</box>
			</boxes>
			<spheres/>
		</body>
		<body mass="1.00000000e+00" name="lower_leg_f_l" is_static="false">
			<transform m00="1.00000000e+00" m01="0.00000000e+00" m02="0.00000000e+00" m10="0.00000000e+00" m11="1.00000000e+00" m12="0.00000000e+00" m20="0.00000000e+00" m21="0.00000000e+00" m22="1.00000000e+00" tx="0.00000000e+00" ty="1.50000006e-01" tz="0.00000000e+00"/>
			<meshes/>
			<boxes>
				<box>
					<size x="2.00000003e-01" y="3.00000012e-01" z="2.89999992e-01"/>
					<transform m00="1.00000000e+00" m01="0.00000000e+00" m02="0.00000000e+00" m10="0.00000000e+00" m11="1.00000000e+00" m12="0.00000000e+00" m20="0.00000000e+00" m21="0.00000000e+00" m22="1.00000000e+00" tx="2.70000011e-01" ty="-2.00000003e-01" tz="2.00000003e-01"/>
				</box>
			</boxes>
			<spheres/>
		</body>
		<body mass="1.00000000e+00" name="gun_right" is_static="false">
			<transform m00="1.00000000e+00" m01="0.00000000e+00" m02="0.00000000e+00" m10="0.00000000e+00" m11="1.00000000e+00" m12="0.00000000e+00" m20="0.00000000e+00" m21="0.00000000e+00" m22="1.00000000e+00" tx="0.00000000e+00" ty="1.50000006e-01" tz="0.00000000e+00"/>
			<meshes/>
			<boxes>
				<box>
					<size x="3.00000012e-01" y="3.49999994e-01" z="5.00000000e-01"/>
					<transform m00="1.00000000e+00" m01="0.00000000e+00" m02="0.00000000e+00" m10="0.00000000e+00" m11="1.00000000e+00" m12="0.00000000e+00" m20="0.00000000e+00" m21="0.00000000e+00" m22="1.00000000e+00" tx="4.00000006e-01" ty="4.69999999e-01" tz="-2.99999993e-02"/>
				</box>
				<box>
					<size x="1.00000001e-01" y="1.00000001e-01" z="5.00000000e-01"/>
					<transform m00="1.00000000e+00" m01="0.00000000e+00" m02="0.00000000e+00" m10="0.00000000e+00" m11="1.00000000e+00" m12="0.00000000e+00" m20="0.00000000e+00" m21="0.00000000e+00" m22="1.00000000e+00" tx="3.70000005e-01" ty="5.60000002e-01" tz="4.19999987e-01"/>
				</box>
			</boxes>
			<spheres/>
		</body>
		<body mass="1.00000000e+00" name="gun_left" is_static="false">
			<transform m00="1.00000000e+00" m01="0.00000000e+00" m02="0.00000000e+00" m10="0.00000000e+00" m11="1.00000000e+00" m12="0.00000000e+00" m20="0.00000000e+00" m21="0.00000000e+00" m22="1.00000000e+00" tx="0.00000000e+00" ty="1.50000006e-01" tz="0.00000000e+00"/>
			<meshes/>
			<boxes>
				<box>
					<size x="3.00000012e-01" y="3.49999994e-01" z="5.00000000e-01"/>
					<transform m00="1.00000000e+00" m01="0.00000000e+00" m02="0.00000000e+00" m10="0.00000000e+00" m11="1.00000000e+00" m12="0.00000000e+00" m20="0.00000000e+00" m21="0.00000000e+00" m22="1.00000000e+00" tx="-4.00000006e-01" ty="4.69999999e-01" tz="-2.99999993e-02"/>
				</box>
				<box>
					<size x="1.00000001e-01" y="1.00000001e-01" z="5.00000000e-01"/>
					<transform m00="1.00000000e+00" m01="0.00000000e+00" m02="0.00000000e+00" m10="0.00000000e+00" m11="1.00000000e+00" m12="0.00000000e+00" m20="0.00000000e+00" m21="0.00000000e+00" m22="1.00000000e+00" tx="-3.89999986e-01" ty="5.69999993e-01" tz="4.19999987e-01"/>
				</box>
			</boxes>
			<spheres/>
		</body>
	</bodies>
	<constraints/>
	<meshes>
		<mesh file="meshes/vehicles/deployable_droid_broken/deployable_droid_base_broken.mesh" name="main body" lod="0" body="1" is_paint_dirt="false">
			<transform m00="1.00000000e+00" m01="0.00000000e+00" m02="0.00000000e+00" m10="0.00000000e+00" m11="1.00000000e+00" m12="0.00000000e+00" m20="0.00000000e+00" m21="0.00000000e+00" m22="1.00000000e+00" tx="0.00000000e+00" ty="1.40505925e-01" tz="0.00000000e+00"/>
		</mesh>
		<mesh file="meshes/vehicles/deployable_droid_broken/deployable_droid_leg_left_broken.mesh" name="leg_front_left_upper" lod="0" body="2" is_paint_dirt="false">
			<transform m00="-2.58819073e-01" m01="8.36516261e-01" m02="4.82962906e-01" m10="-9.65925813e-01" m11="-2.24143893e-01" m12="-1.29409537e-01" m20="0.00000000e+00" m21="-4.99999970e-01" m22="8.66025329e-01" tx="-2.23319620e-01" ty="2.26928964e-02" tz="2.72854626e-01"/>
		</mesh>
		<mesh file="meshes/vehicles/deployable_droid_broken/deployable_droid_leg_right_broken.mesh" name="leg_front_right_upper" lod="0" body="8" is_paint_dirt="false">
			<transform m00="-2.58819073e-01" m01="-8.36516261e-01" m02="-4.82962906e-01" m10="9.65925813e-01" m11="-2.24143893e-01" m12="-1.29409537e-01" m20="0.00000000e+00" m21="-4.99999970e-01" m22="8.66025329e-01" tx="2.31193870e-01" ty="2.41567194e-02" tz="2.72628844e-01"/>
		</mesh>
		<mesh file="meshes/vehicles/deployable_droid_broken/deployable_droid_leg_right_broken.mesh" name="leg_back_right_upper" lod="0" body="6" is_paint_dirt="false">
			<transform m00="-2.58819073e-01" m01="-8.36516261e-01" m02="-4.82962906e-01" m10="9.65925813e-01" m11="-2.24143893e-01" m12="-1.29409537e-01" m20="0.00000000e+00" m21="-4.99999970e-01" m22="8.66025329e-01" tx="2.34238282e-01" ty="2.01126914e-02" tz="-2.27348477e-01"/>
		</mesh>
		<mesh file="meshes/vehicles/deployable_droid_broken/deployable_droid_leg_left_broken.mesh" name="leg_back_left_upper" lod="0" body="4" is_paint_dirt="false">
			<transform m00="-2.58819073e-01" m01="8.36516261e-01" m02="4.82962906e-01" m10="-9.65925813e-01" m11="-2.24143893e-01" m12="-1.29409537e-01" m20="0.00000000e+00" m21="-4.99999970e-01" m22="8.66025329e-01" tx="-2.23319620e-01" ty="2.66392790e-02" tz="-2.18684897e-01"/>
		</mesh>
		<mesh file="meshes/vehicles/deployable_droid_broken/deployable_droid_leg_bottom_broken.mesh" name="leg_front_right_lower" lod="0" body="9" is_paint_dirt="false">
			<transform m00="-3.34936827e-02" m01="-4.82962877e-01" m02="8.75000000e-01" m10="9.91025388e-01" m11="-1.29409522e-01" m12="-3.34936082e-02" m20="1.29409507e-01" m21="8.66025388e-01" m22="4.82962847e-01" tx="2.76079774e-01" ty="-1.56496793e-01" tz="7.44079277e-02"/>
		</mesh>
		<mesh file="meshes/vehicles/deployable_droid_broken/deployable_droid_leg_bottom_broken.mesh" name="leg_front_left_lower" lod="0" body="3" is_paint_dirt="false">
			<transform m00="9.26475823e-02" m01="-4.75175112e-01" m02="8.75000000e-01" m10="9.90750670e-01" m11="1.31496251e-01" m12="-3.34936082e-02" m20="-9.91438776e-02" m21="8.70009899e-01" m22="4.82962847e-01" tx="-2.46524990e-01" ty="-1.57120541e-01" tz="7.06614703e-02"/>
		</mesh>
		<mesh file="meshes/vehicles/deployable_droid_broken/deployable_droid_leg_bottom_broken.mesh" name="leg_back_left_lower" lod="0" body="5" is_paint_dirt="false">
			<transform m00="9.26475823e-02" m01="-4.75175112e-01" m02="8.75000000e-01" m10="9.90750670e-01" m11="1.31496251e-01" m12="-3.34936082e-02" m20="-9.91438776e-02" m21="8.70009899e-01" m22="4.82962847e-01" tx="-2.65830249e-01" ty="-1.55665860e-01" tz="-4.26587820e-01"/>
		</mesh>
		<mesh file="meshes/vehicles/deployable_droid_broken/deployable_droid_leg_bottom_broken.mesh" name="leg_back_right_lower" lod="0" body="7" is_paint_dirt="false">
			<transform m00="-3.34936827e-02" m01="-4.82962877e-01" m02="8.75000000e-01" m10="9.91025388e-01" m11="-1.29409522e-01" m12="-3.34936082e-02" m20="1.29409507e-01" m21="8.66025388e-01" m22="4.82962847e-01" tx="2.81240702e-01" ty="-1.55407488e-01" tz="-4.15969521e-01"/>
		</mesh>
		<mesh file="meshes/vehicles/deployable_droid_broken/deployable_droid_broken.mesh" name="body_pivot" lod="0" body="0" is_paint_dirt="false">
			<transform m00="1.00000000e+00" m01="0.00000000e+00" m02="0.00000000e+00" m10="0.00000000e+00" m11="1.00000000e+00" m12="0.00000000e+00" m20="0.00000000e+00" m21="0.00000000e+00" m22="1.00000000e+00" tx="0.00000000e+00" ty="3.91780972e-01" tz="0.00000000e+00"/>
		</mesh>
		<mesh file="meshes/vehicles/deployable_droid_broken/deployable_droid_gun_broken.mesh" name="gun_right" lod="0" body="10" is_paint_dirt="false">
			<transform m00="-4.37113883e-08" m01="-1.00000000e+00" m02="0.00000000e+00" m10="1.00000000e+00" m11="-4.37113883e-08" m12="0.00000000e+00" m20="0.00000000e+00" m21="0.00000000e+00" m22="1.00000000e+00" tx="3.58698696e-01" ty="4.53388482e-01" tz="1.80022925e-01"/>
		</mesh>
		<mesh file="meshes/vehicles/deployable_droid_broken/deployable_droid_gun_broken_left.mesh" name="gun_left" lod="0" body="11" is_paint_dirt="false">
			<transform m00="-4.37113883e-08" m01="1.00000000e+00" m02="0.00000000e+00" m10="-1.00000000e+00" m11="-4.37113883e-08" m12="0.00000000e+00" m20="0.00000000e+00" m21="0.00000000e+00" m22="1.00000000e+00" tx="-3.86813223e-01" ty="4.65111524e-01" tz="1.75237030e-01"/>
		</mesh>
	</meshes>
	<wheels>
		<wheel steerable="true" stiffness="1.20000000e+01" damping="1.00000000e+02" suspension_length="3.00000012e-01" relax_rate="5.00000007e-02" grip="1.00000000e+02" radius="1.50000006e-01" name="wheel_front_left" acceleration="1.00000000e+01">
			<pos x="-2.50000000e-01" y="0.00000000e+00" z="2.50000000e-01"/>
		</wheel>
		<wheel steerable="false" stiffness="1.20000000e+01" damping="1.00000000e+02" suspension_length="3.00000012e-01" relax_rate="5.00000007e-02" grip="1.00000000e+02" radius="1.50000006e-01" name="wheel_back_left" acceleration="1.00000000e+01">
			<pos x="-2.50000000e-01" y="0.00000000e+00" z="-2.50000000e-01"/>
		</wheel>
		<wheel steerable="true" stiffness="1.20000000e+01" damping="1.00000000e+02" suspension_length="3.00000012e-01" relax_rate="5.00000007e-02" grip="1.00000000e+02" radius="1.50000006e-01" name="wheel_front_right" acceleration="1.00000000e+01">
			<pos x="2.50000000e-01" y="0.00000000e+00" z="2.50000000e-01"/>
		</wheel>
		<wheel steerable="false" stiffness="1.20000000e+01" damping="1.00000000e+02" suspension_length="3.00000012e-01" relax_rate="5.00000007e-02" grip="1.00000000e+02" radius="1.50000006e-01" name="wheel_back_right" acceleration="1.00000000e+01">
			<pos x="2.50000000e-01" y="0.00000000e+00" z="-2.50000000e-01"/>
		</wheel>
	</wheels>
	<attachments>
		<attachment name="attachment" type="0">
			<transform m00="7.07477272e-01" m01="-1.00955017e-01" m02="6.99488401e-01" m10="-1.15170471e-01" m11="9.60045397e-01" m12="2.55046248e-01" m20="-6.97288811e-01" m21="-2.60999829e-01" m22="6.67583287e-01" tx="1.38769054e+00" ty="5.46115279e-01" tz="-1.26458001e+00"/>
		</attachment>
	</attachments>
	<force_emitters/>
	<control_surfaces/>
	<projectile_emitters/>
	<cameras/>
	<buoyancys/>
	<vehicle_attachments/>
	<lights/>
	<seats/>
	<button_panels/>
	<buttons/>
	<indicators/>
	<achievements/>
	<dials/>
	<screens/>
	<doors/>
	<graph_nodes/>
	<graph_links/>
	<foam_emitters/>
	<particle_emitters/>
	<sensors>
		<sensor name="sensor_front_left" body_index="0" start="0.00000000e+00" length="6.49999976e-01">
			<transform m00="9.65925813e-01" m01="-2.50000030e-01" m02="6.69872835e-02" m10="0.00000000e+00" m11="2.58818984e-01" m12="9.65925872e-01" m20="-2.58819073e-01" m21="-9.33012724e-01" m22="2.49999940e-01" tx="-2.00000003e-01" ty="0.00000000e+00" tz="2.50000000e-01"/>
		</sensor>
		<sensor name="sensor_back_left" body_index="0" start="0.00000000e+00" length="6.49999976e-01">
			<transform m00="9.65925813e-01" m01="-2.50000000e-01" m02="-6.69872835e-02" m10="-3.52565230e-08" m11="-2.58819133e-01" m12="9.65925813e-01" m20="-2.58819044e-01" m21="-9.33012664e-01" m22="-2.50000089e-01" tx="-2.00000003e-01" ty="0.00000000e+00" tz="-3.00000012e-01"/>
		</sensor>
		<sensor name="sensor_back_right" body_index="0" start="0.00000000e+00" length="6.49999976e-01">
			<transform m00="9.65925813e-01" m01="2.50000000e-01" m02="6.69872910e-02" m10="-6.69872984e-02" m11="-8.51850584e-03" m12="9.97717440e-01" m20="2.50000000e-01" m21="-9.68208313e-01" m22="8.51856824e-03" tx="2.00000003e-01" ty="0.00000000e+00" tz="-3.00000012e-01"/>
		</sensor>
		<sensor name="sensor_front_right" body_index="0" start="0.00000000e+00" length="6.49999976e-01">
			<transform m00="9.65925813e-01" m01="2.50000000e-01" m02="-6.69873059e-02" m10="0.00000000e+00" m11="2.58819073e-01" m12="9.65925813e-01" m20="2.58819044e-01" m21="-9.33012664e-01" m22="2.50000030e-01" tx="2.00000003e-01" ty="0.00000000e+00" tz="2.50000000e-01"/>
		</sensor>
	</sensors>
	<splash_emitters/>
	<holomaps/>
	<damage_zones/>
	<audio_zones/>
	<nav_meshes/>
</data>

