<?xml version="1.0" encoding="UTF-8"?>
<data mesh_file_path="female_character.fbx">
	<root name="bone">
		<transform m00="1.00000000e+00" m01="0.00000000e+00" m02="0.00000000e+00" m10="0.00000000e+00" m11="1.00000000e+00" m12="0.00000000e+00" m20="0.00000000e+00" m21="0.00000000e+00" m22="1.00000000e+00" tx="0.00000000e+00" ty="0.00000000e+00" tz="0.00000000e+00"/>
		<children>
			<child name="root">
				<transform m00="1.00000000e+00" m01="0.00000000e+00" m02="0.00000000e+00" m10="0.00000000e+00" m11="1.00000000e+00" m12="0.00000000e+00" m20="0.00000000e+00" m21="0.00000000e+00" m22="1.00000000e+00" tx="0.00000000e+00" ty="1.40620730e-01" tz="-2.64722337e-02"/>
				<children>
					<child name="left_hip">
						<transform m00="9.99982313e-01" m01="5.94757303e-03" m02="0.00000000e+00" m10="-5.94757303e-03" m11="9.99982313e-01" m12="0.00000000e+00" m20="0.00000000e+00" m21="0.00000000e+00" m22="1.00000000e+00" tx="-1.17922412e-01" ty="-6.69211408e-02" tz="-7.49135202e-03"/>
						<children>
							<child name="left_knee">
								<transform m00="1.00000000e+00" m01="0.00000000e+00" m02="0.00000000e+00" m10="0.00000000e+00" m11="9.99821986e-01" m12="1.88678855e-02" m20="0.00000000e+00" m21="-1.88678855e-02" m22="9.99821986e-01" tx="1.05273636e-04" ty="-4.32162385e-01" tz="4.34383861e-02"/>
								<children>
									<child name="left_foot">
										<transform m00="1.00000000e+00" m01="0.00000000e+00" m02="0.00000000e+00" m10="0.00000000e+00" m11="-4.37113900e-08" m12="1.00000000e+00" m20="0.00000000e+00" m21="-1.00000000e+00" m22="-4.37113900e-08" tx="0.00000000e+00" ty="-3.54807615e-01" tz="-2.27744394e-02"/>
										<children>
											<child name="bone">
												<transform m00="1.00000000e+00" m01="1.08391269e-19" m02="-1.53397562e-21" m10="-4.06527563e-20" m11="1.00000000e+00" m12="3.46944695e-18" m20="5.11416245e-22" m21="-1.04083409e-17" m22="1.00000000e+00" tx="-1.99233642e-04" ty="5.13854585e-02" tz="3.25339714e-02"/>
												<children/>
												<capsules>
													<capsule radius_inner="9.77411000e-02" radius_outer="1.16896127e-01" height="0.00000000e+00">
														<transform m00="1.00000000e+00" m01="1.21905199e-19" m02="-3.57927644e-21" m10="-6.77650483e-20" m11="1.00000000e+00" m12="-1.04083409e-17" m20="2.60182951e-18" m21="-2.77555756e-17" m22="1.00000000e+00" tx="-4.63000857e-05" ty="1.07742020e-01" tz="5.75271993e-03"/>
													</capsule>
												</capsules>
												<physics is_active="false"/>
											</child>
										</children>
										<capsules>
											<capsule radius_inner="7.38450038e-02" radius_outer="1.23607309e-01" height="1.65400568e-01">
												<transform m00="1.00000000e+00" m01="0.00000000e+00" m02="0.00000000e+00" m10="0.00000000e+00" m11="1.00000000e+00" m12="-6.93889390e-18" m20="0.00000000e+00" m21="6.93889390e-18" m22="1.00000000e+00" tx="0.00000000e+00" ty="3.77888927e-02" tz="6.20058626e-02"/>
											</capsule>
										</capsules>
										<physics is_active="false"/>
									</child>
								</children>
								<capsules>
									<capsule radius_inner="1.11361414e-01" radius_outer="1.43064051e-01" height="2.05456810e-01">
										<transform m00="1.00000000e+00" m01="0.00000000e+00" m02="0.00000000e+00" m10="0.00000000e+00" m11="9.99381418e-01" m12="3.51678989e-02" m20="0.00000000e+00" m21="-3.51678989e-02" m22="9.99381418e-01" tx="0.00000000e+00" ty="-2.14055059e-01" tz="-2.75215549e-02"/>
									</capsule>
								</capsules>
								<physics is_active="false"/>
							</child>
						</children>
						<capsules>
							<capsule radius_inner="1.19093229e-01" radius_outer="1.71230376e-01" height="2.29146823e-01">
								<transform m00="9.85411256e-01" m01="1.70190062e-01" m02="0.00000000e+00" m10="-1.69060140e-01" m11="9.78868933e-01" m12="-1.15040342e-01" m20="-1.95787229e-02" m21="1.13362048e-01" m22="9.93360820e-01" tx="-3.97227668e-02" ty="-2.16682404e-01" tz="2.82519874e-02"/>
							</capsule>
						</capsules>
						<physics is_active="false"/>
					</child>
					<child name="right_hip">
						<transform m00="9.99995662e-01" m01="2.94395746e-03" m02="9.19410270e-05" m10="-2.94503265e-03" m11="9.99874265e-01" m12="1.55813895e-02" m20="-4.60585191e-05" m21="-1.55815926e-02" m22="9.99878598e-01" tx="1.14650063e-01" ty="-7.05839030e-02" tz="2.15904958e-02"/>
						<children>
							<child name="right_knee">
								<transform m00="1.00000000e+00" m01="1.09479008e-19" m02="1.89735380e-19" m10="-5.92499547e-18" m11="9.98079484e-01" m12="6.19462977e-02" m20="2.84603070e-19" m21="-6.19462977e-02" m22="9.98079484e-01" tx="-8.84624587e-05" ty="-4.43111646e-01" tz="2.51501077e-02"/>
								<children>
									<child name="right_foot">
										<transform m00="1.00000000e+00" m01="-6.31039546e-19" m02="-2.71050543e-20" m10="-3.13402190e-19" m11="9.99869534e-01" m12="1.61528380e-02" m20="-5.42101086e-20" m21="-1.61528380e-02" m22="9.99869534e-01" tx="3.26325865e-05" ty="-3.44829779e-01" tz="-1.00791395e-02"/>
										<children>
											<child name="bone">
												<transform m00="1.00000000e+00" m01="6.60685699e-20" m02="-1.89735380e-19" m10="-4.65359901e-18" m11="1.00000000e+00" m12="-1.52655666e-16" m20="2.84603070e-19" m21="-1.52655666e-16" m22="1.00000000e+00" tx="-5.23415988e-03" ty="-3.82730548e-02" tz="5.65552802e-02"/>
												<children/>
												<capsules>
													<capsule radius_inner="8.58177694e-02" radius_outer="1.19312024e-01" height="0.00000000e+00">
														<transform m00="1.00000000e+00" m01="3.72694497e-20" m02="-6.77626358e-20" m10="5.53959548e-19" m11="1.00000000e+00" m12="-8.32667268e-17" m20="-8.13151629e-20" m21="-6.93889390e-17" m22="1.00000000e+00" tx="2.10974437e-05" ty="1.36764745e-02" tz="1.03856285e-01"/>
													</capsule>
												</capsules>
												<physics is_active="false"/>
											</child>
										</children>
										<capsules>
											<capsule radius_inner="8.53761280e-02" radius_outer="1.17935828e-01" height="1.71770305e-01">
												<transform m00="9.99999981e-01" m01="-1.83538115e-05" m02="-1.92081851e-04" m10="-1.92956728e-04" m11="-9.52747316e-02" m12="-9.95450997e-01" m20="-3.02267842e-08" m21="9.95451016e-01" m22="-9.52747334e-02" tx="4.46612119e-05" ty="-5.90905002e-02" tz="4.46326132e-02"/>
											</capsule>
										</capsules>
										<physics is_active="false"/>
									</child>
								</children>
								<capsules>
									<capsule radius_inner="1.25225563e-01" radius_outer="1.53116336e-01" height="1.72585711e-01">
										<transform m00="1.00000000e+00" m01="-1.95664611e-19" m02="-5.42101086e-20" m10="1.89227160e-18" m11="1.00000000e+00" m12="-6.93889390e-17" m20="-5.42101086e-20" m21="2.77555756e-17" m22="1.00000000e+00" tx="3.54666626e-03" ty="-1.78606310e-01" tz="-1.36835723e-02"/>
									</capsule>
								</capsules>
								<physics is_active="false"/>
							</child>
						</children>
						<capsules>
							<capsule radius_inner="1.01816483e-01" radius_outer="1.61479571e-01" height="2.17745752e-01">
								<transform m00="9.87512720e-01" m01="-1.57520148e-01" m02="2.45582902e-03" m10="1.57520184e-01" m11="9.87515751e-01" m12="1.80061233e-04" m20="-2.45353310e-03" m21="2.09029881e-04" m22="9.99996968e-01" tx="3.36999524e-02" ty="-2.14690997e-01" tz="8.94215263e-03"/>
							</capsule>
						</capsules>
						<physics is_active="false"/>
					</child>
					<child name="spine_1">
						<transform m00="1.00000000e+00" m01="0.00000000e+00" m02="0.00000000e+00" m10="0.00000000e+00" m11="1.00000000e+00" m12="0.00000000e+00" m20="0.00000000e+00" m21="0.00000000e+00" m22="1.00000000e+00" tx="0.00000000e+00" ty="2.00752780e-01" tz="1.14700785e-02"/>
						<children>
							<child name="spine_2">
								<transform m00="1.00000000e+00" m01="0.00000000e+00" m02="0.00000000e+00" m10="0.00000000e+00" m11="1.00000000e+00" m12="0.00000000e+00" m20="0.00000000e+00" m21="0.00000000e+00" m22="1.00000000e+00" tx="0.00000000e+00" ty="2.61996070e-01" tz="-1.61345843e-02"/>
								<children>
									<child name="left_shoulder">
										<transform m00="1.00000000e+00" m01="0.00000000e+00" m02="0.00000000e+00" m10="0.00000000e+00" m11="1.00000000e+00" m12="0.00000000e+00" m20="0.00000000e+00" m21="0.00000000e+00" m22="1.00000000e+00" tx="-1.79623156e-01" ty="2.23069226e-02" tz="-9.03607719e-03"/>
										<children>
											<child name="left_elbow">
												<transform m00="1.00000000e+00" m01="0.00000000e+00" m02="0.00000000e+00" m10="0.00000000e+00" m11="1.00000000e+00" m12="0.00000000e+00" m20="0.00000000e+00" m21="0.00000000e+00" m22="1.00000000e+00" tx="-2.51963056e-01" ty="-2.70800774e-02" tz="0.00000000e+00"/>
												<children>
													<child name="bone">
														<transform m00="1.00000000e+00" m01="0.00000000e+00" m02="0.00000000e+00" m10="0.00000000e+00" m11="1.00000000e+00" m12="0.00000000e+00" m20="0.00000000e+00" m21="0.00000000e+00" m22="1.00000000e+00" tx="-2.58133084e-01" ty="0.00000000e+00" tz="0.00000000e+00"/>
														<children/>
														<capsules>
															<capsule radius_inner="9.21814086e-02" radius_outer="1.23375205e-01" height="7.61086011e-02">
																<transform m00="-4.37113900e-08" m01="1.00000000e+00" m02="0.00000000e+00" m10="-1.00000000e+00" m11="-4.37113900e-08" m12="0.00000000e+00" m20="0.00000000e+00" m21="0.00000000e+00" m22="1.00000000e+00" tx="-1.30633758e-01" ty="0.00000000e+00" tz="2.01223129e-02"/>
															</capsule>
														</capsules>
														<physics is_active="false"/>
													</child>
												</children>
												<capsules>
													<capsule radius_inner="7.06040946e-02" radius_outer="9.64458804e-02" height="1.85202967e-01">
														<transform m00="-4.37113900e-08" m01="1.00000000e+00" m02="0.00000000e+00" m10="-1.00000000e+00" m11="-4.37113900e-08" m12="0.00000000e+00" m20="0.00000000e+00" m21="0.00000000e+00" m22="1.00000000e+00" tx="-1.47185952e-01" ty="0.00000000e+00" tz="0.00000000e+00"/>
													</capsule>
												</capsules>
												<physics is_active="false"/>
											</child>
										</children>
										<capsules>
											<capsule radius_inner="7.81089225e-02" radius_outer="1.16003379e-01" height="3.65555327e-01">
												<transform m00="-4.37113900e-08" m01="1.00000000e+00" m02="0.00000000e+00" m10="-1.00000000e+00" m11="-4.37113900e-08" m12="0.00000000e+00" m20="0.00000000e+00" m21="0.00000000e+00" m22="1.00000000e+00" tx="-2.38825465e-01" ty="-2.48272815e-02" tz="0.00000000e+00"/>
											</capsule>
										</capsules>
										<physics is_active="false"/>
									</child>
									<child name="right_shoulder">
										<transform m00="1.00000000e+00" m01="0.00000000e+00" m02="0.00000000e+00" m10="0.00000000e+00" m11="1.00000000e+00" m12="0.00000000e+00" m20="0.00000000e+00" m21="0.00000000e+00" m22="1.00000000e+00" tx="2.03975545e-01" ty="3.03016277e-02" tz="-6.15182566e-03"/>
										<children>
											<child name="right_elbow">
												<transform m00="1.00000000e+00" m01="0.00000000e+00" m02="0.00000000e+00" m10="0.00000000e+00" m11="1.00000000e+00" m12="0.00000000e+00" m20="0.00000000e+00" m21="0.00000000e+00" m22="1.00000000e+00" tx="2.38786882e-01" ty="-2.34123133e-02" tz="0.00000000e+00"/>
												<children>
													<child name="right_hand">
														<transform m00="1.00000000e+00" m01="0.00000000e+00" m02="0.00000000e+00" m10="0.00000000e+00" m11="1.00000000e+00" m12="0.00000000e+00" m20="0.00000000e+00" m21="0.00000000e+00" m22="1.00000000e+00" tx="2.49845852e-01" ty="-4.25571064e-03" tz="0.00000000e+00"/>
														<children/>
														<capsules>
															<capsule radius_inner="8.75171571e-02" radius_outer="1.07758692e-01" height="1.00499901e-01">
																<transform m00="-4.37113900e-08" m01="-1.00000000e+00" m02="0.00000000e+00" m10="1.00000000e+00" m11="-4.37113900e-08" m12="0.00000000e+00" m20="0.00000000e+00" m21="0.00000000e+00" m22="1.00000000e+00" tx="1.19511089e-01" ty="-1.99669320e-02" tz="1.53860897e-02"/>
															</capsule>
														</capsules>
														<physics is_active="false"/>
													</child>
												</children>
												<capsules>
													<capsule radius_inner="7.59715076e-02" radius_outer="1.15656231e-01" height="1.42157840e-01">
														<transform m00="-4.37113900e-08" m01="-1.00000000e+00" m02="0.00000000e+00" m10="1.00000000e+00" m11="-4.37113900e-08" m12="0.00000000e+00" m20="0.00000000e+00" m21="0.00000000e+00" m22="1.00000000e+00" tx="1.47185968e-01" ty="-5.47886384e-03" tz="0.00000000e+00"/>
													</capsule>
												</capsules>
												<physics is_active="false"/>
											</child>
										</children>
										<capsules>
											<capsule radius_inner="1.18126102e-01" radius_outer="1.36793951e-01" height="2.85896882e-01">
												<transform m00="-4.37113900e-08" m01="-1.00000000e+00" m02="0.00000000e+00" m10="1.00000000e+00" m11="-4.37113900e-08" m12="0.00000000e+00" m20="0.00000000e+00" m21="0.00000000e+00" m22="1.00000000e+00" tx="2.22184417e-01" ty="-4.12928814e-02" tz="0.00000000e+00"/>
											</capsule>
										</capsules>
										<physics is_active="false"/>
									</child>
									<child name="neck">
										<transform m00="1.00000000e+00" m01="0.00000000e+00" m02="0.00000000e+00" m10="0.00000000e+00" m11="1.00000000e+00" m12="0.00000000e+00" m20="0.00000000e+00" m21="0.00000000e+00" m22="1.00000000e+00" tx="-1.09163201e+00" ty="2.00325719e-01" tz="-1.22910773e-03"/>
										<children>
											<child name="head">
												<transform m00="1.00000000e+00" m01="0.00000000e+00" m02="0.00000000e+00" m10="0.00000000e+00" m11="1.00000000e+00" m12="0.00000000e+00" m20="0.00000000e+00" m21="0.00000000e+00" m22="1.00000000e+00" tx="0.00000000e+00" ty="7.74710724e-02" tz="1.48734550e-02"/>
												<children>
													<child name="left_eye">
														<transform m00="1.00000000e+00" m01="0.00000000e+00" m02="0.00000000e+00" m10="0.00000000e+00" m11="1.00000000e+00" m12="0.00000000e+00" m20="0.00000000e+00" m21="0.00000000e+00" m22="1.00000000e+00" tx="1.37506291e+00" ty="-8.01288476e-03" tz="1.71820943e-02"/>
														<children/>
														<capsules>
															<capsule radius_inner="2.90061504e-02" radius_outer="3.33673091e-02" height="0.00000000e+00">
																<transform m00="1.00000000e+00" m01="0.00000000e+00" m02="0.00000000e+00" m10="0.00000000e+00" m11="1.00000000e+00" m12="0.00000000e+00" m20="0.00000000e+00" m21="0.00000000e+00" m22="1.00000000e+00" tx="0.00000000e+00" ty="0.00000000e+00" tz="0.00000000e+00"/>
															</capsule>
														</capsules>
														<physics is_active="false"/>
													</child>
													<child name="right_eye">
														<transform m00="1.00000000e+00" m01="0.00000000e+00" m02="0.00000000e+00" m10="0.00000000e+00" m11="1.00000000e+00" m12="0.00000000e+00" m20="0.00000000e+00" m21="0.00000000e+00" m22="1.00000000e+00" tx="1.43489547e+00" ty="-8.24324630e-03" tz="1.73570432e-02"/>
														<children/>
														<capsules>
															<capsule radius_inner="2.64471366e-02" radius_outer="3.21575826e-02" height="0.00000000e+00">
																<transform m00="1.00000000e+00" m01="0.00000000e+00" m02="0.00000000e+00" m10="0.00000000e+00" m11="1.00000000e+00" m12="0.00000000e+00" m20="0.00000000e+00" m21="0.00000000e+00" m22="1.00000000e+00" tx="0.00000000e+00" ty="0.00000000e+00" tz="0.00000000e+00"/>
															</capsule>
														</capsules>
														<physics is_active="false"/>
													</child>
												</children>
												<capsules>
													<capsule radius_inner="1.90716619e-01" radius_outer="2.22508930e-01" height="2.61039182e-01">
														<transform m00="1.00000000e+00" m01="0.00000000e+00" m02="0.00000000e+00" m10="0.00000000e+00" m11="1.37809369e-01" m12="-9.90458771e-01" m20="0.00000000e+00" m21="9.90458771e-01" m22="1.37809369e-01" tx="0.00000000e+00" ty="1.57631644e-01" tz="0.00000000e+00"/>
													</capsule>
												</capsules>
												<physics is_active="false"/>
											</child>
										</children>
										<capsules>
											<capsule radius_inner="1.39624926e-01" radius_outer="1.66556185e-01" height="7.46739727e-02">
												<transform m00="1.00000000e+00" m01="0.00000000e+00" m02="0.00000000e+00" m10="0.00000000e+00" m11="1.00000000e+00" m12="0.00000000e+00" m20="0.00000000e+00" m21="0.00000000e+00" m22="1.00000000e+00" tx="0.00000000e+00" ty="1.07611850e-01" tz="0.00000000e+00"/>
											</capsule>
										</capsules>
										<physics is_active="false"/>
									</child>
								</children>
								<capsules>
									<capsule radius_inner="2.19246200e-01" radius_outer="2.71389526e-01" height="1.38115650e-01">
										<transform m00="1.00000000e+00" m01="0.00000000e+00" m02="0.00000000e+00" m10="0.00000000e+00" m11="1.00000000e+00" m12="0.00000000e+00" m20="0.00000000e+00" m21="0.00000000e+00" m22="1.00000000e+00" tx="0.00000000e+00" ty="8.07012804e-03" tz="2.58184075e-02"/>
									</capsule>
								</capsules>
								<physics is_active="false"/>
							</child>
						</children>
						<capsules>
							<capsule radius_inner="1.72533594e-01" radius_outer="2.54460590e-01" height="8.98256600e-02">
								<transform m00="1.00000000e+00" m01="0.00000000e+00" m02="0.00000000e+00" m10="0.00000000e+00" m11="1.00000000e+00" m12="0.00000000e+00" m20="0.00000000e+00" m21="0.00000000e+00" m22="1.00000000e+00" tx="0.00000000e+00" ty="2.98840459e-05" tz="0.00000000e+00"/>
							</capsule>
						</capsules>
						<physics is_active="false"/>
					</child>
				</children>
				<capsules>
					<capsule radius_inner="2.70508603e-01" radius_outer="3.12018978e-01" height="0.00000000e+00">
						<transform m00="1.00000000e+00" m01="0.00000000e+00" m02="0.00000000e+00" m10="0.00000000e+00" m11="1.00000000e+00" m12="0.00000000e+00" m20="0.00000000e+00" m21="0.00000000e+00" m22="1.00000000e+00" tx="0.00000000e+00" ty="6.17700232e-02" tz="0.00000000e+00"/>
					</capsule>
				</capsules>
				<physics is_active="false"/>
			</child>
		</children>
		<capsules/>
		<physics is_active="false"/>
	</root>
	<poses>
		<pose name="default">
			<bones>
				<bone index="0">
					<offset m00="1.00000000e+00" m01="0.00000000e+00" m02="0.00000000e+00" m10="0.00000000e+00" m11="1.00000000e+00" m12="0.00000000e+00" m20="0.00000000e+00" m21="0.00000000e+00" m22="1.00000000e+00" tx="0.00000000e+00" ty="0.00000000e+00" tz="0.00000000e+00"/>
				</bone>
				<bone index="1">
					<offset m00="1.00000000e+00" m01="0.00000000e+00" m02="0.00000000e+00" m10="0.00000000e+00" m11="1.00000000e+00" m12="0.00000000e+00" m20="0.00000000e+00" m21="0.00000000e+00" m22="1.00000000e+00" tx="0.00000000e+00" ty="0.00000000e+00" tz="0.00000000e+00"/>
				</bone>
				<bone index="2">
					<offset m00="1.00000000e+00" m01="0.00000000e+00" m02="0.00000000e+00" m10="0.00000000e+00" m11="1.00000000e+00" m12="0.00000000e+00" m20="0.00000000e+00" m21="0.00000000e+00" m22="1.00000000e+00" tx="0.00000000e+00" ty="0.00000000e+00" tz="0.00000000e+00"/>
				</bone>
				<bone index="3">
					<offset m00="1.00000000e+00" m01="0.00000000e+00" m02="0.00000000e+00" m10="0.00000000e+00" m11="1.00000000e+00" m12="0.00000000e+00" m20="0.00000000e+00" m21="0.00000000e+00" m22="1.00000000e+00" tx="0.00000000e+00" ty="0.00000000e+00" tz="0.00000000e+00"/>
				</bone>
				<bone index="4">
					<offset m00="9.66979087e-01" m01="2.54810368e-01" m02="-4.80859998e-03" m10="-2.54810368e-01" m11="9.66990842e-01" m12="6.22925347e-04" m20="4.80859998e-03" m21="6.22925347e-04" m22="9.99988245e-01" tx="0.00000000e+00" ty="0.00000000e+00" tz="0.00000000e+00"/>
				</bone>
				<bone index="6">
					<offset m00="1.00000000e+00" m01="0.00000000e+00" m02="0.00000000e+00" m10="0.00000000e+00" m11="1.00000000e+00" m12="0.00000000e+00" m20="0.00000000e+00" m21="0.00000000e+00" m22="1.00000000e+00" tx="0.00000000e+00" ty="0.00000000e+00" tz="0.00000000e+00"/>
				</bone>
				<bone index="7">
					<offset m00="1.00000000e+00" m01="0.00000000e+00" m02="0.00000000e+00" m10="0.00000000e+00" m11="1.00000000e+00" m12="0.00000000e+00" m20="0.00000000e+00" m21="0.00000000e+00" m22="1.00000000e+00" tx="0.00000000e+00" ty="0.00000000e+00" tz="0.00000000e+00"/>
				</bone>
				<bone index="8">
					<offset m00="9.87493743e-01" m01="-1.47177336e-02" m02="-1.56969728e-01" m10="1.47910466e-02" m11="9.99890361e-01" m12="-7.01116424e-04" m20="1.56962837e-01" m21="-1.62939848e-03" m22="9.87603166e-01" tx="0.00000000e+00" ty="0.00000000e+00" tz="0.00000000e+00"/>
				</bone>
				<bone index="10">
					<offset m00="1.00000000e+00" m01="0.00000000e+00" m02="0.00000000e+00" m10="0.00000000e+00" m11="9.99890079e-01" m12="-1.48266905e-02" m20="0.00000000e+00" m21="1.48266905e-02" m22="9.99890079e-01" tx="0.00000000e+00" ty="0.00000000e+00" tz="0.00000000e+00"/>
				</bone>
				<bone index="11">
					<offset m00="1.00000000e+00" m01="0.00000000e+00" m02="0.00000000e+00" m10="0.00000000e+00" m11="1.00000000e+00" m12="0.00000000e+00" m20="0.00000000e+00" m21="0.00000000e+00" m22="1.00000000e+00" tx="0.00000000e+00" ty="0.00000000e+00" tz="0.00000000e+00"/>
				</bone>
				<bone index="12">
					<offset m00="3.68589900e-01" m01="9.09536973e-01" m02="1.92052025e-01" m10="-9.29592107e-01" m11="3.60637896e-01" m12="7.61499975e-02" m20="0.00000000e+00" m21="-2.06598166e-01" m22="9.78425877e-01" tx="2.14300351e-02" ty="-2.25695029e-03" tz="7.91318267e-05"/>
				</bone>
				<bone index="13">
					<offset m00="8.53665987e-01" m01="3.60905561e-01" m02="-3.75501743e-01" m10="-3.17743889e-01" m11="9.32155986e-01" m12="1.73562781e-01" m20="4.12665971e-01" m21="-2.88512583e-02" m22="9.10425396e-01" tx="0.00000000e+00" ty="0.00000000e+00" tz="0.00000000e+00"/>
				</bone>
				<bone index="14">
					<offset m00="1.00000000e+00" m01="0.00000000e+00" m02="0.00000000e+00" m10="0.00000000e+00" m11="1.00000000e+00" m12="0.00000000e+00" m20="0.00000000e+00" m21="0.00000000e+00" m22="1.00000000e+00" tx="0.00000000e+00" ty="0.00000000e+00" tz="0.00000000e+00"/>
				</bone>
				<bone index="15">
					<offset m00="3.17026223e-01" m01="-9.19994852e-01" m02="-2.30442718e-01" m10="9.48399662e-01" m11="3.06060641e-01" m12="8.28550792e-02" m20="-5.69680055e-03" m21="-2.44819028e-01" m22="9.69552056e-01" tx="-1.97042841e-02" ty="-1.49648921e-02" tz="-2.66665585e-04"/>
				</bone>
				<bone index="16">
					<offset m00="8.56902247e-01" m01="-2.54285060e-01" m02="4.48394525e-01" m10="3.03717023e-01" m11="9.51897059e-01" m12="-4.05950513e-02" m20="-4.16502713e-01" m21="1.70971041e-01" m22="8.92913429e-01" tx="0.00000000e+00" ty="0.00000000e+00" tz="0.00000000e+00"/>
				</bone>
				<bone index="17">
					<offset m00="1.00000000e+00" m01="0.00000000e+00" m02="-1.11022302e-16" m10="4.68375339e-17" m11="1.00000000e+00" m12="3.46944695e-18" m20="0.00000000e+00" m21="3.46944695e-18" m22="1.00000000e+00" tx="-2.01346204e-04" ty="-5.19681535e-03" tz="-1.19519944e-04"/>
				</bone>
				<bone index="18">
					<offset m00="1.00000000e+00" m01="0.00000000e+00" m02="0.00000000e+00" m10="0.00000000e+00" m11="1.00000000e+00" m12="0.00000000e+00" m20="0.00000000e+00" m21="0.00000000e+00" m22="1.00000000e+00" tx="1.09045884e+00" ty="-1.02398435e-01" tz="1.60483438e-02"/>
				</bone>
				<bone index="19">
					<offset m00="1.00000000e+00" m01="0.00000000e+00" m02="0.00000000e+00" m10="0.00000000e+00" m11="1.00000000e+00" m12="0.00000000e+00" m20="0.00000000e+00" m21="0.00000000e+00" m22="1.00000000e+00" tx="0.00000000e+00" ty="0.00000000e+00" tz="0.00000000e+00"/>
				</bone>
				<bone index="20">
					<offset m00="9.93935747e-01" m01="-1.63037858e-03" m02="1.09950320e-01" m10="1.63037859e-03" m11="9.99998667e-01" m12="8.99029211e-05" m20="-1.09950321e-01" m21="8.99029211e-05" m22="9.93937080e-01" tx="-1.40110901e+00" ty="1.05971069e-01" tz="7.19144446e-02"/>
				</bone>
				<bone index="21">
					<offset m00="9.99261442e-01" m01="5.69732840e-04" m02="-3.84219401e-02" m10="-5.69732841e-04" m11="9.99999838e-01" m12="1.09491638e-05" m20="3.84219402e-02" m21="1.09491638e-05" m22="9.99261605e-01" tx="-1.40364177e+00" ty="1.06446603e-01" tz="7.09393520e-02"/>
				</bone>
				<bone index="9">
					<offset m00="1.00000000e+00" m01="0.00000000e+00" m02="0.00000000e+00" m10="0.00000000e+00" m11="1.00000000e+00" m12="0.00000000e+00" m20="0.00000000e+00" m21="0.00000000e+00" m22="1.00000000e+00" tx="0.00000000e+00" ty="0.00000000e+00" tz="0.00000000e+00"/>
				</bone>
				<bone index="5">
					<offset m00="1.00000000e+00" m01="0.00000000e+00" m02="0.00000000e+00" m10="0.00000000e+00" m11="1.00000000e+00" m12="0.00000000e+00" m20="0.00000000e+00" m21="0.00000000e+00" m22="1.00000000e+00" tx="0.00000000e+00" ty="0.00000000e+00" tz="0.00000000e+00"/>
				</bone>
			</bones>
		</pose>
		<pose name="commander_sitting">
			<bones>
				<bone index="0">
					<offset m00="1.00000000e+00" m01="0.00000000e+00" m02="0.00000000e+00" m10="0.00000000e+00" m11="1.00000000e+00" m12="0.00000000e+00" m20="0.00000000e+00" m21="0.00000000e+00" m22="1.00000000e+00" tx="0.00000000e+00" ty="-9.82912462e-02" tz="-1.21212089e-01"/>
				</bone>
				<bone index="1">
					<offset m00="1.00000000e+00" m01="0.00000000e+00" m02="0.00000000e+00" m10="0.00000000e+00" m11="9.99999821e-01" m12="-5.98869949e-04" m20="0.00000000e+00" m21="5.98869949e-04" m22="9.99999821e-01" tx="0.00000000e+00" ty="0.00000000e+00" tz="0.00000000e+00"/>
				</bone>
				<bone index="2">
					<offset m00="9.99264562e-01" m01="-6.17233243e-03" m02="3.78449141e-02" m10="3.83099361e-02" m11="1.18535292e-01" m12="-9.92210529e-01" m20="1.63829530e-03" m21="9.92930656e-01" m22="1.18684578e-01" tx="0.00000000e+00" ty="-3.60110259e-02" tz="1.39988039e-02"/>
				</bone>
				<bone index="3">
					<offset m00="9.89078281e-01" m01="1.47082683e-01" m02="-9.53089384e-03" m10="-2.09252551e-02" m11="2.04135399e-01" m12="9.78718995e-01" m20="1.45898209e-01" m21="-9.67830266e-01" m22="2.04983632e-01" tx="-9.74945360e-04" ty="2.53780976e-02" tz="6.58488962e-03"/>
				</bone>
				<bone index="4">
					<offset m00="9.66952344e-01" m01="2.54629594e-01" m02="1.29202956e-02" m10="-2.54950860e-01" m11="9.65329147e-01" m12="5.60329977e-02" m20="1.79532157e-03" m21="-5.74752789e-02" m22="9.98345316e-01" tx="0.00000000e+00" ty="0.00000000e+00" tz="0.00000000e+00"/>
				</bone>
				<bone index="6">
					<offset m00="9.99978066e-01" m01="-6.30791432e-03" m02="2.01958352e-03" m10="2.46719579e-03" m11="7.17786650e-02" m12="-9.97417533e-01" m20="6.14666134e-03" m21="9.97400638e-01" m22="7.17926532e-02" tx="-8.95877825e-05" ty="-3.02625971e-02" tz="-1.00536723e-02"/>
				</bone>
				<bone index="7">
					<offset m00="9.82844117e-01" m01="-1.80160135e-01" m02="3.94939062e-02" m10="-4.00722656e-03" m11="1.93221692e-01" m12="9.81146941e-01" m20="-1.84394644e-01" m21="-9.64472759e-01" m22="1.89184861e-01" tx="3.20022708e-04" ty="3.86527282e-02" tz="-5.83140392e-03"/>
				</bone>
				<bone index="8">
					<offset m00="9.93759140e-01" m01="-4.04579922e-03" m02="-1.11473781e-01" m10="1.74248664e-02" m11="9.92704240e-01" m12="1.19309116e-01" m20="1.10177794e-01" m21="-1.20506940e-01" m22="9.86579409e-01" tx="0.00000000e+00" ty="0.00000000e+00" tz="0.00000000e+00"/>
				</bone>
				<bone index="10">
					<offset m00="1.00000000e+00" m01="0.00000000e+00" m02="0.00000000e+00" m10="0.00000000e+00" m11="9.99925960e-01" m12="-1.21685998e-02" m20="0.00000000e+00" m21="1.21685998e-02" m22="9.99925960e-01" tx="-8.26897100e-04" ty="-3.13046466e-03" tz="4.50497799e-06"/>
				</bone>
				<bone index="11">
					<offset m00="1.00000000e+00" m01="0.00000000e+00" m02="0.00000000e+00" m10="0.00000000e+00" m11="9.99689108e-01" m12="-2.49336411e-02" m20="0.00000000e+00" m21="2.49336411e-02" m22="9.99689108e-01" tx="0.00000000e+00" ty="-2.35478611e-02" tz="-9.87539170e-03"/>
				</bone>
				<bone index="12">
					<offset m00="3.92774122e-01" m01="8.53335078e-01" m02="-3.42852348e-01" m10="-9.16790562e-01" m11="3.34030886e-01" m12="-2.18902790e-01" m20="-7.22741559e-02" m21="4.00303150e-01" m22="9.13528235e-01" tx="1.04388101e-02" ty="3.25350831e-03" tz="2.86996641e-04"/>
				</bone>
				<bone index="13">
					<offset m00="7.75494402e-01" m01="1.46547605e-01" m02="-6.14110929e-01" m10="5.40244786e-01" m11="3.49323694e-01" m12="7.65577251e-01" m20="3.26717012e-01" m21="-9.25471099e-01" m22="1.91726990e-01" tx="0.00000000e+00" ty="0.00000000e+00" tz="0.00000000e+00"/>
				</bone>
				<bone index="14">
					<offset m00="9.30153658e-01" m01="-3.66371875e-01" m02="-2.42037569e-02" m10="3.54329456e-01" m11="9.12951906e-01" m12="-2.02409125e-01" m20="9.62538768e-02" m21="1.79695484e-01" m22="9.79001902e-01" tx="0.00000000e+00" ty="0.00000000e+00" tz="0.00000000e+00"/>
				</bone>
				<bone index="15">
					<offset m00="3.63604959e-01" m01="-8.89109739e-01" m02="2.77984362e-01" m10="9.27618277e-01" m11="3.18173431e-01" m12="-1.95678305e-01" m20="8.55322488e-02" m21="3.29012977e-01" m22="9.40443882e-01" tx="-1.97042841e-02" ty="-7.45118813e-03" tz="-6.77296152e-05"/>
				</bone>
				<bone index="16">
					<offset m00="7.08389902e-01" m01="-1.03669990e-01" m02="6.98166369e-01" m10="-5.42463165e-01" m11="5.52877735e-01" m12="6.32502905e-01" m20="-4.51572211e-01" m21="-8.26788210e-01" m22="3.35415853e-01" tx="0.00000000e+00" ty="0.00000000e+00" tz="0.00000000e+00"/>
				</bone>
				<bone index="17">
					<offset m00="9.22899228e-01" m01="3.44492803e-01" m02="1.71993386e-01" m10="-3.59249395e-01" m11="9.31133679e-01" m12="6.26892583e-02" m20="-1.38552836e-01" m21="-1.19644389e-01" m22="9.83101384e-01" tx="-2.01346204e-04" ty="-5.19681535e-03" tz="-1.19519944e-04"/>
				</bone>
				<bone index="18">
					<offset m00="1.00000000e+00" m01="0.00000000e+00" m02="0.00000000e+00" m10="0.00000000e+00" m11="9.89577914e-01" m12="1.43998442e-01" m20="0.00000000e+00" m21="-1.43998442e-01" m22="9.89577914e-01" tx="1.09045884e+00" ty="-1.02398435e-01" tz="1.60483438e-02"/>
				</bone>
				<bone index="19">
					<offset m00="1.00000000e+00" m01="0.00000000e+00" m02="0.00000000e+00" m10="0.00000000e+00" m11="1.00000000e+00" m12="0.00000000e+00" m20="0.00000000e+00" m21="0.00000000e+00" m22="1.00000000e+00" tx="0.00000000e+00" ty="0.00000000e+00" tz="0.00000000e+00"/>
				</bone>
				<bone index="20">
					<offset m00="9.98857723e-01" m01="5.09341499e-03" m02="4.75111241e-02" m10="-5.09341498e-03" m11="9.99987021e-01" m12="-1.21066081e-04" m20="-4.75111241e-02" m21="-1.21066081e-04" m22="9.98870702e-01" tx="-1.40110901e+00" ty="1.05971069e-01" tz="7.19144446e-02"/>
				</bone>
				<bone index="21">
					<offset m00="9.99993941e-01" m01="-3.71066384e-04" m02="-3.46128895e-03" m10="3.71066383e-04" m11="9.99999931e-01" m12="-6.42185932e-07" m20="3.46128895e-03" m21="-6.42185932e-07" m22="9.99994010e-01" tx="-1.40364177e+00" ty="1.06446603e-01" tz="7.09393520e-02"/>
				</bone>
				<bone index="9">
					<offset m00="1.00000000e+00" m01="0.00000000e+00" m02="0.00000000e+00" m10="0.00000000e+00" m11="1.00000000e+00" m12="0.00000000e+00" m20="0.00000000e+00" m21="0.00000000e+00" m22="1.00000000e+00" tx="0.00000000e+00" ty="0.00000000e+00" tz="0.00000000e+00"/>
				</bone>
				<bone index="5">
					<offset m00="1.00000000e+00" m01="0.00000000e+00" m02="0.00000000e+00" m10="0.00000000e+00" m11="1.00000000e+00" m12="0.00000000e+00" m20="0.00000000e+00" m21="0.00000000e+00" m22="1.00000000e+00" tx="0.00000000e+00" ty="0.00000000e+00" tz="0.00000000e+00"/>
				</bone>
			</bones>
		</pose>
		<pose name="sitting">
			<bones>
				<bone index="0">
					<offset m00="1.00000000e+00" m01="0.00000000e+00" m02="0.00000000e+00" m10="0.00000000e+00" m11="1.00000000e+00" m12="0.00000000e+00" m20="0.00000000e+00" m21="0.00000000e+00" m22="1.00000000e+00" tx="0.00000000e+00" ty="0.00000000e+00" tz="0.00000000e+00"/>
				</bone>
				<bone index="1">
					<offset m00="1.00000000e+00" m01="0.00000000e+00" m02="0.00000000e+00" m10="0.00000000e+00" m11="9.99998918e-01" m12="1.47138483e-03" m20="0.00000000e+00" m21="-1.47138483e-03" m22="9.99998918e-01" tx="0.00000000e+00" ty="0.00000000e+00" tz="0.00000000e+00"/>
				</bone>
				<bone index="2">
					<offset m00="9.99965304e-01" m01="-6.26614796e-03" m02="5.48881039e-03" m10="6.23951330e-03" m11="1.26863006e-01" m12="-9.91900623e-01" m20="5.51906908e-03" m21="9.91900455e-01" m22="1.26897702e-01" tx="0.00000000e+00" ty="-3.60110259e-02" tz="1.39988039e-02"/>
				</bone>
				<bone index="3">
					<offset m00="9.99942468e-01" m01="1.30956749e-03" m02="1.06463515e-02" m10="-1.06881801e-02" m11="2.05561774e-01" m12="9.78585775e-01" m20="-9.06958791e-04" m21="-9.78643266e-01" m22="2.05563945e-01" tx="-2.43926365e-04" ty="3.70054363e-02" tz="4.60151131e-03"/>
				</bone>
				<bone index="4">
					<offset m00="9.84164777e-01" m01="1.77087571e-01" m02="7.72555479e-03" m10="-1.77236921e-01" m11="9.82484149e-01" m12="5.75497282e-02" m20="2.60110645e-03" m21="-5.80076690e-02" m22="9.98312749e-01" tx="0.00000000e+00" ty="0.00000000e+00" tz="0.00000000e+00"/>
				</bone>
				<bone index="6">
					<offset m00="9.99930509e-01" m01="-6.17090163e-03" m02="1.00447949e-02" m10="1.04618765e-02" m11="7.17559825e-02" m12="-9.97367349e-01" m20="5.43388167e-03" m21="9.97403128e-01" m22="7.18155551e-02" tx="-6.89946311e-05" ty="-2.34657737e-02" tz="2.45639252e-03"/>
				</bone>
				<bone index="7">
					<offset m00="9.99918689e-01" m01="-7.51000005e-04" m02="1.27299370e-02" m10="-1.24209595e-02" m11="1.68647065e-01" m12="9.85598238e-01" m20="-2.88705080e-03" m21="-9.85676216e-01" m22="1.68624024e-01" tx="-3.13824153e-04" ty="3.09178616e-02" tz="-4.70192577e-03"/>
				</bone>
				<bone index="8">
					<offset m00="9.93727261e-01" m01="-7.58793493e-03" m02="-1.11573088e-01" m10="1.75447530e-02" m11="9.95918850e-01" m12="8.85314918e-02" m20="1.10445970e-01" m21="-8.99336792e-02" m22="9.89804840e-01" tx="7.43994361e-06" ty="6.18330922e-05" tz="-2.33431542e-03"/>
				</bone>
				<bone index="10">
					<offset m00="1.00000000e+00" m01="0.00000000e+00" m02="0.00000000e+00" m10="0.00000000e+00" m11="9.97495405e-01" m12="-7.07312969e-02" m20="0.00000000e+00" m21="7.07312969e-02" m22="9.97495405e-01" tx="0.00000000e+00" ty="-6.23033080e-03" tz="9.16722414e-06"/>
				</bone>
				<bone index="11">
					<offset m00="1.00000000e+00" m01="0.00000000e+00" m02="0.00000000e+00" m10="0.00000000e+00" m11="9.99689108e-01" m12="-2.49336411e-02" m20="0.00000000e+00" m21="2.49336411e-02" m22="9.99689108e-01" tx="0.00000000e+00" ty="-9.68414530e-03" tz="4.94231151e-03"/>
				</bone>
				<bone index="12">
					<offset m00="3.68589900e-01" m01="9.24932836e-01" m02="9.29555467e-02" m10="-9.29592107e-01" m11="3.66742466e-01" m12="3.68575372e-02" m20="0.00000000e+00" m21="-9.99960585e-02" m22="9.94987833e-01" tx="1.04388101e-02" ty="-1.16872941e-03" tz="-1.14321251e-02"/>
				</bone>
				<bone index="13">
					<offset m00="7.60773779e-01" m01="3.40204927e-01" m02="-5.52705948e-01" m10="-3.97757722e-01" m11="9.17330264e-01" m12="1.71458795e-02" m20="5.12847006e-01" m21="2.06798923e-01" m22="8.33199948e-01" tx="0.00000000e+00" ty="0.00000000e+00" tz="0.00000000e+00"/>
				</bone>
				<bone index="14">
					<offset m00="1.00000000e+00" m01="0.00000000e+00" m02="0.00000000e+00" m10="0.00000000e+00" m11="1.00000000e+00" m12="0.00000000e+00" m20="0.00000000e+00" m21="0.00000000e+00" m22="1.00000000e+00" tx="0.00000000e+00" ty="0.00000000e+00" tz="0.00000000e+00"/>
				</bone>
				<bone index="15">
					<offset m00="3.39750222e-01" m01="-9.11877951e-01" m02="-2.30322358e-01" m10="9.40515702e-01" m11="3.29405172e-01" m12="8.32012394e-02" m20="0.00000000e+00" m21="-2.44889433e-01" m22="9.69551012e-01" tx="-1.97042841e-02" ty="-1.12741144e-02" tz="-2.11937551e-04"/>
				</bone>
				<bone index="16">
					<offset m00="7.18620195e-01" m01="-2.48963453e-01" m02="6.49309028e-01" m10="3.49805936e-01" m11="9.36400545e-01" m12="-2.81038708e-02" m20="-6.01016491e-01" m21="2.47328161e-01" m22="7.60005236e-01" tx="0.00000000e+00" ty="0.00000000e+00" tz="0.00000000e+00"/>
				</bone>
				<bone index="17">
					<offset m00="1.00000000e+00" m01="0.00000000e+00" m02="-1.11022302e-16" m10="4.68375339e-17" m11="1.00000000e+00" m12="3.46944695e-18" m20="0.00000000e+00" m21="3.46944695e-18" m22="1.00000000e+00" tx="-2.01346204e-04" ty="-5.19681535e-03" tz="-1.19519944e-04"/>
				</bone>
				<bone index="18">
					<offset m00="1.00000000e+00" m01="0.00000000e+00" m02="0.00000000e+00" m10="0.00000000e+00" m11="9.93478100e-01" m12="1.14023088e-01" m20="0.00000000e+00" m21="-1.14023088e-01" m22="9.93478100e-01" tx="1.09045884e+00" ty="-1.02398435e-01" tz="1.60483438e-02"/>
				</bone>
				<bone index="19">
					<offset m00="1.00000000e+00" m01="0.00000000e+00" m02="0.00000000e+00" m10="0.00000000e+00" m11="9.93389198e-01" m12="1.14795036e-01" m20="0.00000000e+00" m21="-1.14795036e-01" m22="9.93389198e-01" tx="0.00000000e+00" ty="0.00000000e+00" tz="0.00000000e+00"/>
				</bone>
				<bone index="20">
					<offset m00="9.98750738e-01" m01="6.72864657e-03" m02="4.95145210e-02" m10="-6.72864656e-03" m11="9.99977349e-01" m12="-1.66686973e-04" m20="-4.95145209e-02" m21="-1.66686973e-04" m22="9.98773390e-01" tx="-1.40110901e+00" ty="1.05971069e-01" tz="7.19144446e-02"/>
				</bone>
				<bone index="21">
					<offset m00="9.98912337e-01" m01="7.89505084e-03" m02="-4.59544361e-02" m10="-4.51970800e-03" m11="9.97314712e-01" m12="7.30954081e-02" m20="4.64081271e-02" m21="-7.28082044e-02" m22="9.96265653e-01" tx="-1.40364177e+00" ty="1.06446603e-01" tz="7.09393520e-02"/>
				</bone>
				<bone index="9">
					<offset m00="1.00000000e+00" m01="0.00000000e+00" m02="0.00000000e+00" m10="0.00000000e+00" m11="1.00000000e+00" m12="0.00000000e+00" m20="0.00000000e+00" m21="0.00000000e+00" m22="1.00000000e+00" tx="0.00000000e+00" ty="0.00000000e+00" tz="0.00000000e+00"/>
				</bone>
				<bone index="5">
					<offset m00="1.00000000e+00" m01="0.00000000e+00" m02="0.00000000e+00" m10="0.00000000e+00" m11="1.00000000e+00" m12="0.00000000e+00" m20="0.00000000e+00" m21="0.00000000e+00" m22="1.00000000e+00" tx="0.00000000e+00" ty="0.00000000e+00" tz="0.00000000e+00"/>
				</bone>
			</bones>
		</pose>
		<pose name="walk_1">
			<bones>
				<bone index="0">
					<offset m00="1.00000000e+00" m01="0.00000000e+00" m02="0.00000000e+00" m10="0.00000000e+00" m11="1.00000000e+00" m12="0.00000000e+00" m20="0.00000000e+00" m21="0.00000000e+00" m22="1.00000000e+00" tx="0.00000000e+00" ty="0.00000000e+00" tz="0.00000000e+00"/>
				</bone>
				<bone index="1">
					<offset m00="1.00000000e+00" m01="0.00000000e+00" m02="0.00000000e+00" m10="0.00000000e+00" m11="1.00000000e+00" m12="0.00000000e+00" m20="0.00000000e+00" m21="0.00000000e+00" m22="1.00000000e+00" tx="0.00000000e+00" ty="0.00000000e+00" tz="0.00000000e+00"/>
				</bone>
				<bone index="2">
					<offset m00="9.98087575e-01" m01="1.37067723e-02" m02="-6.02770024e-02" m10="1.15534000e-02" m11="9.16561040e-01" m12="3.99727883e-01" m20="6.07265310e-02" m21="-3.99659837e-01" m22="9.14649825e-01" tx="2.77555756e-17" ty="4.84802760e-04" tz="0.00000000e+00"/>
				</bone>
				<bone index="3">
					<offset m00="1.00000000e+00" m01="0.00000000e+00" m02="0.00000000e+00" m10="0.00000000e+00" m11="9.96557624e-01" m12="8.29029721e-02" m20="0.00000000e+00" m21="-8.29029721e-02" m22="9.96557624e-01" tx="0.00000000e+00" ty="0.00000000e+00" tz="0.00000000e+00"/>
				</bone>
				<bone index="4">
					<offset m00="9.94831066e-01" m01="9.83573667e-02" m02="-2.52384477e-02" m10="-9.87589744e-02" m11="9.94995447e-01" m12="-1.51896706e-02" m20="2.36181246e-02" m21="1.76036794e-02" m22="9.99566053e-01" tx="2.44407170e-03" ty="-4.04685664e-03" tz="-8.31271241e-03"/>
				</bone>
				<bone index="6">
