<?xml version="1.0" encoding="UTF-8"?>
<data mesh_file_path="male_character.fbx">
	<root name="bone">
		<transform m00="1.00000000e+00" m01="0.00000000e+00" m02="0.00000000e+00" m10="0.00000000e+00" m11="1.00000000e+00" m12="0.00000000e+00" m20="0.00000000e+00" m21="0.00000000e+00" m22="1.00000000e+00" tx="0.00000000e+00" ty="0.00000000e+00" tz="0.00000000e+00"/>
		<children>
			<child name="root">
				<transform m00="1.00000000e+00" m01="0.00000000e+00" m02="0.00000000e+00" m10="0.00000000e+00" m11="1.00000000e+00" m12="0.00000000e+00" m20="0.00000000e+00" m21="0.00000000e+00" m22="1.00000000e+00" tx="0.00000000e+00" ty="1.31180273e-01" tz="-3.24506573e-02"/>
				<children>
					<child name="left_hip">
						<transform m00="1.00000000e+00" m01="0.00000000e+00" m02="0.00000000e+00" m10="0.00000000e+00" m11="1.00000000e+00" m12="0.00000000e+00" m20="0.00000000e+00" m21="0.00000000e+00" m22="1.00000000e+00" tx="-1.25050188e-01" ty="-9.13311988e-02" tz="0.00000000e+00"/>
						<children>
							<child name="left_knee">
								<transform m00="1.00000000e+00" m01="0.00000000e+00" m02="0.00000000e+00" m10="0.00000000e+00" m11="1.00000000e+00" m12="0.00000000e+00" m20="0.00000000e+00" m21="0.00000000e+00" m22="1.00000000e+00" tx="0.00000000e+00" ty="-3.86088621e-01" tz="4.73083854e-02"/>
								<children>
									<child name="left_foot">
										<transform m00="1.00000000e+00" m01="0.00000000e+00" m02="0.00000000e+00" m10="0.00000000e+00" m11="1.00000000e+00" m12="0.00000000e+00" m20="0.00000000e+00" m21="0.00000000e+00" m22="1.00000000e+00" tx="0.00000000e+00" ty="-3.87593497e-01" tz="-4.46285699e-02"/>
										<children>
											<child name="bone">
												<transform m00="1.00000000e+00" m01="0.00000000e+00" m02="0.00000000e+00" m10="0.00000000e+00" m11="1.00000000e+00" m12="0.00000000e+00" m20="0.00000000e+00" m21="0.00000000e+00" m22="1.00000000e+00" tx="0.00000000e+00" ty="-3.46591957e-02" tz="1.14348020e-01"/>
												<children/>
												<capsules>
													<capsule radius_inner="8.09333446e-02" radius_outer="1.00265020e-01" height="0.00000000e+00">
														<transform m00="1.00000000e+00" m01="0.00000000e+00" m02="0.00000000e+00" m10="0.00000000e+00" m11="1.00000000e+00" m12="0.00000000e+00" m20="0.00000000e+00" m21="0.00000000e+00" m22="1.00000000e+00" tx="0.00000000e+00" ty="0.00000000e+00" tz="4.53313058e-02"/>
													</capsule>
												</capsules>
												<physics is_active="false"/>
											</child>
										</children>
										<capsules>
											<capsule radius_inner="1.26898604e-01" radius_outer="1.69715073e-01" height="1.13526549e-01">
												<transform m00="1.00000000e+00" m01="0.00000000e+00" m02="0.00000000e+00" m10="0.00000000e+00" m11="1.65237510e-03" m12="9.99998635e-01" m20="0.00000000e+00" m21="-9.99998635e-01" m22="1.65237510e-03" tx="0.00000000e+00" ty="-8.23026523e-02" tz="6.77881315e-02"/>
											</capsule>
										</capsules>
										<physics is_active="false"/>
									</child>
								</children>
								<capsules>
									<capsule radius_inner="1.11138719e-01" radius_outer="1.46479589e-01" height="2.76925446e-01">
										<transform m00="1.00000000e+00" m01="0.00000000e+00" m02="0.00000000e+00" m10="0.00000000e+00" m11="1.00000000e+00" m12="0.00000000e+00" m20="0.00000000e+00" m21="0.00000000e+00" m22="1.00000000e+00" tx="0.00000000e+00" ty="-2.51675501e-01" tz="-4.46762452e-02"/>
									</capsule>
								</capsules>
								<physics is_active="false"/>
							</child>
						</children>
						<capsules>
							<capsule radius_inner="1.16959864e-01" radius_outer="1.86118530e-01" height="2.75251907e-01">
								<transform m00="9.91027536e-01" m01="1.33657855e-01" m02="0.00000000e+00" m10="-1.33657855e-01" m11="9.91027536e-01" m12="0.00000000e+00" m20="0.00000000e+00" m21="0.00000000e+00" m22="1.00000000e+00" tx="-3.16152768e-02" ty="-2.59068431e-01" tz="1.61733162e-02"/>
							</capsule>
						</capsules>
						<physics is_active="false"/>
					</child>
					<child name="right_hip">
						<transform m00="1.00000000e+00" m01="0.00000000e+00" m02="0.00000000e+00" m10="0.00000000e+00" m11="1.00000000e+00" m12="0.00000000e+00" m20="0.00000000e+00" m21="0.00000000e+00" m22="1.00000000e+00" tx="1.25409716e-01" ty="-8.65618512e-02" tz="0.00000000e+00"/>
						<children>
							<child name="bone">
								<transform m00="1.00000000e+00" m01="0.00000000e+00" m02="0.00000000e+00" m10="0.00000000e+00" m11="1.00000000e+00" m12="0.00000000e+00" m20="0.00000000e+00" m21="0.00000000e+00" m22="1.00000000e+00" tx="0.00000000e+00" ty="-3.91832673e-01" tz="4.62108925e-02"/>
								<children>
									<child name="bone">
										<transform m00="1.00000000e+00" m01="0.00000000e+00" m02="0.00000000e+00" m10="0.00000000e+00" m11="1.00000000e+00" m12="0.00000000e+00" m20="0.00000000e+00" m21="0.00000000e+00" m22="1.00000000e+00" tx="0.00000000e+00" ty="-3.85314125e-01" tz="-3.91749851e-02"/>
										<children>
											<child name="bone">
												<transform m00="1.00000000e+00" m01="0.00000000e+00" m02="0.00000000e+00" m10="0.00000000e+00" m11="1.00000000e+00" m12="0.00000000e+00" m20="0.00000000e+00" m21="0.00000000e+00" m22="1.00000000e+00" tx="0.00000000e+00" ty="-3.27733085e-02" tz="9.87037979e-02"/>
												<children/>
												<capsules>
													<capsule radius_inner="9.09115913e-02" radius_outer="1.11289414e-01" height="0.00000000e+00">
														<transform m00="1.00000000e+00" m01="0.00000000e+00" m02="0.00000000e+00" m10="0.00000000e+00" m11="-2.00760375e-02" m12="9.99798456e-01" m20="0.00000000e+00" m21="-9.99798456e-01" m22="-2.00760375e-02" tx="0.00000000e+00" ty="0.00000000e+00" tz="7.27176745e-02"/>
													</capsule>
												</capsules>
												<physics is_active="false"/>
											</child>
										</children>
										<capsules>
											<capsule radius_inner="1.23546022e-01" radius_outer="1.61021249e-01" height="1.24578516e-01">
												<transform m00="1.00000000e+00" m01="0.00000000e+00" m02="0.00000000e+00" m10="0.00000000e+00" m11="-4.37113900e-08" m12="-1.00000000e+00" m20="0.00000000e+00" m21="1.00000000e+00" m22="-4.37113900e-08" tx="0.00000000e+00" ty="-7.70859905e-02" tz="4.76591028e-02"/>
											</capsule>
										</capsules>
										<physics is_active="false"/>
									</child>
								</children>
								<capsules>
									<capsule radius_inner="1.22346847e-01" radius_outer="1.52623536e-01" height="2.37444305e-01">
										<transform m00="1.00000000e+00" m01="0.00000000e+00" m02="0.00000000e+00" m10="0.00000000e+00" m11="1.00000000e+00" m12="0.00000000e+00" m20="0.00000000e+00" m21="0.00000000e+00" m22="1.00000000e+00" tx="0.00000000e+00" ty="-2.38610325e-01" tz="-4.10156399e-02"/>
									</capsule>
								</capsules>
								<physics is_active="false"/>
							</child>
						</children>
						<capsules>
							<capsule radius_inner="1.07659998e-01" radius_outer="1.68764226e-01" height="2.40763830e-01">
								<transform m00="9.90187427e-01" m01="-1.39745692e-01" m02="0.00000000e+00" m10="1.39745692e-01" m11="9.90187427e-01" m12="0.00000000e+00" m20="0.00000000e+00" m21="0.00000000e+00" m22="1.00000000e+00" tx="2.50692424e-02" ty="-2.30882503e-01" tz="1.97498936e-02"/>
							</capsule>
						</capsules>
						<physics is_active="false"/>
					</child>
					<child name="spine_1">
						<transform m00="1.00000000e+00" m01="0.00000000e+00" m02="0.00000000e+00" m10="0.00000000e+00" m11="1.00000000e+00" m12="0.00000000e+00" m20="0.00000000e+00" m21="0.00000000e+00" m22="1.00000000e+00" tx="0.00000000e+00" ty="1.91908545e-01" tz="0.00000000e+00"/>
						<children>
							<child name="spine_2">
								<transform m00="1.00000000e+00" m01="0.00000000e+00" m02="0.00000000e+00" m10="0.00000000e+00" m11="1.00000000e+00" m12="0.00000000e+00" m20="0.00000000e+00" m21="0.00000000e+00" m22="1.00000000e+00" tx="0.00000000e+00" ty="2.46277511e-01" tz="-2.60124207e-02"/>
								<children>
									<child name="left_shoulder">
										<transform m00="1.00000000e+00" m01="0.00000000e+00" m02="0.00000000e+00" m10="0.00000000e+00" m11="1.00000000e+00" m12="0.00000000e+00" m20="0.00000000e+00" m21="0.00000000e+00" m22="1.00000000e+00" tx="-2.24581808e-01" ty="5.62683307e-02" tz="1.79672707e-02"/>
										<children>
											<child name="left_elbow">
												<transform m00="1.00000000e+00" m01="0.00000000e+00" m02="0.00000000e+00" m10="0.00000000e+00" m11="1.00000000e+00" m12="0.00000000e+00" m20="0.00000000e+00" m21="0.00000000e+00" m22="1.00000000e+00" tx="-2.09861400e-01" ty="-1.61377266e-02" tz="0.00000000e+00"/>
												<children>
													<child name="left_hand">
														<transform m00="1.00000000e+00" m01="0.00000000e+00" m02="0.00000000e+00" m10="0.00000000e+00" m11="1.00000000e+00" m12="0.00000000e+00" m20="0.00000000e+00" m21="0.00000000e+00" m22="1.00000000e+00" tx="-2.42161347e-01" ty="-6.08681142e-03" tz="1.69787402e-02"/>
														<children/>
														<capsules>
															<capsule radius_inner="1.06547763e-01" radius_outer="1.30530790e-01" height="5.66557539e-02">
																<transform m00="-4.37113900e-08" m01="1.00000000e+00" m02="0.00000000e+00" m10="-1.00000000e+00" m11="-4.37113900e-08" m12="0.00000000e+00" m20="0.00000000e+00" m21="0.00000000e+00" m22="1.00000000e+00" tx="-1.39585942e-01" ty="0.00000000e+00" tz="0.00000000e+00"/>
															</capsule>
														</capsules>
														<physics is_active="false"/>
													</child>
												</children>
												<capsules>
													<capsule radius_inner="1.20957619e-01" radius_outer="1.51135334e-01" height="2.64089223e-01">
														<transform m00="-4.37113900e-08" m01="-1.00000000e+00" m02="0.00000000e+00" m10="1.00000000e+00" m11="-4.37113900e-08" m12="0.00000000e+00" m20="0.00000000e+00" m21="0.00000000e+00" m22="1.00000000e+00" tx="-2.64910840e-01" ty="0.00000000e+00" tz="3.74087878e-03"/>
													</capsule>
												</capsules>
												<physics is_active="false"/>
											</child>
										</children>
										<capsules>
											<capsule radius_inner="1.12285340e-01" radius_outer="1.54380784e-01" height="3.41188982e-01">
												<transform m00="-4.37113900e-08" m01="1.00000000e+00" m02="0.00000000e+00" m10="-1.00000000e+00" m11="-4.37113900e-08" m12="0.00000000e+00" m20="0.00000000e+00" m21="0.00000000e+00" m22="1.00000000e+00" tx="-2.50015703e-01" ty="-2.31526585e-02" tz="0.00000000e+00"/>
											</capsule>
										</capsules>
										<physics is_active="false"/>
									</child>
									<child name="right_shoulder">
										<transform m00="1.00000000e+00" m01="0.00000000e+00" m02="0.00000000e+00" m10="0.00000000e+00" m11="1.00000000e+00" m12="0.00000000e+00" m20="0.00000000e+00" m21="0.00000000e+00" m22="1.00000000e+00" tx="2.21720122e-01" ty="5.18158823e-02" tz="1.04274182e-02"/>
										<children>
											<child name="right_elbow">
												<transform m00="1.00000000e+00" m01="0.00000000e+00" m02="0.00000000e+00" m10="0.00000000e+00" m11="1.00000000e+00" m12="0.00000000e+00" m20="0.00000000e+00" m21="0.00000000e+00" m22="1.00000000e+00" tx="2.47173191e-01" ty="-1.70341674e-02" tz="3.73895722e-03"/>
												<children>
													<child name="right_hand">
														<transform m00="1.00000000e+00" m01="0.00000000e+00" m02="0.00000000e+00" m10="0.00000000e+00" m11="1.00000000e+00" m12="0.00000000e+00" m20="0.00000000e+00" m21="0.00000000e+00" m22="1.00000000e+00" tx="2.19973445e-01" ty="0.00000000e+00" tz="1.25425570e-02"/>
														<children/>
														<capsules>
															<capsule radius_inner="1.13474053e-01" radius_outer="1.35155365e-01" height="3.96280987e-02">
																<transform m00="-4.37113900e-08" m01="-1.00000000e+00" m02="0.00000000e+00" m10="1.00000000e+00" m11="-4.37113900e-08" m12="0.00000000e+00" m20="0.00000000e+00" m21="0.00000000e+00" m22="1.00000000e+00" tx="1.26206856e-01" ty="0.00000000e+00" tz="0.00000000e+00"/>
															</capsule>
														</capsules>
														<physics is_active="false"/>
													</child>
												</children>
												<capsules>
													<capsule radius_inner="1.06658635e-01" radius_outer="1.37808519e-01" height="2.70462908e-01">
														<transform m00="-4.37113900e-08" m01="1.00000000e+00" m02="0.00000000e+00" m10="-1.00000000e+00" m11="-4.37113900e-08" m12="0.00000000e+00" m20="0.00000000e+00" m21="0.00000000e+00" m22="1.00000000e+00" tx="2.50182768e-01" ty="0.00000000e+00" tz="2.35491274e-02"/>
													</capsule>
												</capsules>
												<physics is_active="false"/>
											</child>
										</children>
										<capsules>
											<capsule radius_inner="1.06572801e-01" radius_outer="1.43957934e-01" height="3.23868005e-01">
												<transform m00="-4.37113900e-08" m01="1.00000000e+00" m02="0.00000000e+00" m10="-1.00000000e+00" m11="-4.37113900e-08" m12="0.00000000e+00" m20="0.00000000e+00" m21="0.00000000e+00" m22="1.00000000e+00" tx="2.58102604e-01" ty="-2.38720751e-02" tz="8.17287900e-03"/>
											</capsule>
										</capsules>
										<physics is_active="false"/>
									</child>
									<child name="neck">
										<transform m00="1.00000000e+00" m01="0.00000000e+00" m02="0.00000000e+00" m10="0.00000000e+00" m11="1.00000000e+00" m12="0.00000000e+00" m20="0.00000000e+00" m21="0.00000000e+00" m22="1.00000000e+00" tx="-1.10996885e+00" ty="1.15580916e-01" tz="-8.13317019e-03"/>
										<children>
											<child name="head">
												<transform m00="1.00000000e+00" m01="0.00000000e+00" m02="0.00000000e+00" m10="0.00000000e+00" m11="1.00000000e+00" m12="0.00000000e+00" m20="0.00000000e+00" m21="0.00000000e+00" m22="1.00000000e+00" tx="4.25265171e-07" ty="9.17734019e-02" tz="3.29074096e-02"/>
												<children>
													<child name="left_eye">
														<transform m00="1.00000000e+00" m01="0.00000000e+00" m02="0.00000000e+00" m10="0.00000000e+00" m11="1.00000000e+00" m12="0.00000000e+00" m20="0.00000000e+00" m21="0.00000000e+00" m22="1.00000000e+00" tx="1.39391255e+00" ty="5.76148234e-02" tz="3.30357105e-02"/>
														<children/>
														<capsules>
															<capsule radius_inner="2.76386853e-02" radius_outer="3.05528628e-02" height="3.73756200e-03">
																<transform m00="1.00000000e+00" m01="0.00000000e+00" m02="0.00000000e+00" m10="0.00000000e+00" m11="1.00000000e+00" m12="0.00000000e+00" m20="0.00000000e+00" m21="0.00000000e+00" m22="1.00000000e+00" tx="0.00000000e+00" ty="0.00000000e+00" tz="0.00000000e+00"/>
															</capsule>
														</capsules>
														<physics is_active="false"/>
													</child>
													<child name="right_eye">
														<transform m00="1.00000000e+00" m01="0.00000000e+00" m02="0.00000000e+00" m10="0.00000000e+00" m11="1.00000000e+00" m12="0.00000000e+00" m20="0.00000000e+00" m21="0.00000000e+00" m22="1.00000000e+00" tx="1.45118307e+00" ty="5.74153922e-02" tz="3.35983783e-02"/>
														<children/>
														<capsules>
															<capsule radius_inner="2.60720886e-02" radius_outer="3.10864540e-02" height="6.17818461e-03">
																<transform m00="1.00000000e+00" m01="0.00000000e+00" m02="0.00000000e+00" m10="0.00000000e+00" m11="1.00000000e+00" m12="0.00000000e+00" m20="0.00000000e+00" m21="0.00000000e+00" m22="1.00000000e+00" tx="0.00000000e+00" ty="0.00000000e+00" tz="0.00000000e+00"/>
															</capsule>
														</capsules>
														<physics is_active="false"/>
													</child>
												</children>
												<capsules>
													<capsule radius_inner="2.02203676e-01" radius_outer="2.25654727e-01" height="1.01445696e-01">
														<transform m00="1.00000000e+00" m01="0.00000000e+00" m02="0.00000000e+00" m10="0.00000000e+00" m11="6.04791776e-01" m12="-7.96383644e-01" m20="0.00000000e+00" m21="7.96383644e-01" m22="6.04791776e-01" tx="0.00000000e+00" ty="1.35888768e-01" tz="3.42698223e-02"/>
													</capsule>
												</capsules>
												<physics is_active="false"/>
											</child>
										</children>
										<capsules>
											<capsule radius_inner="1.44464900e-01" radius_outer="2.06873728e-01" height="1.94743541e-01">
												<transform m00="1.00000000e+00" m01="0.00000000e+00" m02="0.00000000e+00" m10="0.00000000e+00" m11="1.00000000e+00" m12="0.00000000e+00" m20="0.00000000e+00" m21="0.00000000e+00" m22="1.00000000e+00" tx="0.00000000e+00" ty="1.18406236e-01" tz="3.96476835e-02"/>
											</capsule>
										</capsules>
										<physics is_active="false"/>
									</child>
								</children>
								<capsules>
									<capsule radius_inner="2.59184735e-01" radius_outer="3.54170918e-01" height="3.22689277e-02">
										<transform m00="1.00000000e+00" m01="0.00000000e+00" m02="0.00000000e+00" m10="0.00000000e+00" m11="1.00000000e+00" m12="0.00000000e+00" m20="0.00000000e+00" m21="0.00000000e+00" m22="1.00000000e+00" tx="0.00000000e+00" ty="1.34503166e-01" tz="0.00000000e+00"/>
									</capsule>
								</capsules>
								<physics is_active="false"/>
							</child>
						</children>
						<capsules>
							<capsule radius_inner="2.48327271e-01" radius_outer="3.36925330e-01" height="1.55663961e-02">
								<transform m00="1.00000000e+00" m01="0.00000000e+00" m02="0.00000000e+00" m10="0.00000000e+00" m11="1.00000000e+00" m12="0.00000000e+00" m20="0.00000000e+00" m21="0.00000000e+00" m22="1.00000000e+00" tx="0.00000000e+00" ty="1.65712953e-01" tz="0.00000000e+00"/>
							</capsule>
						</capsules>
						<physics is_active="false"/>
					</child>
				</children>
				<capsules>
					<capsule radius_inner="2.87702179e-01" radius_outer="3.78557820e-01" height="0.00000000e+00">
						<transform m00="1.00000000e+00" m01="0.00000000e+00" m02="0.00000000e+00" m10="0.00000000e+00" m11="1.00000000e+00" m12="0.00000000e+00" m20="0.00000000e+00" m21="0.00000000e+00" m22="1.00000000e+00" tx="0.00000000e+00" ty="5.59186675e-02" tz="0.00000000e+00"/>
					</capsule>
				</capsules>
				<physics is_active="false"/>
			</child>
		</children>
		<capsules/>
		<physics is_active="false"/>
	</root>
	<poses>
		<pose name="default">
			<bones>
				<bone index="0">
					<offset m00="1.00000000e+00" m01="0.00000000e+00" m02="0.00000000e+00" m10="0.00000000e+00" m11="1.00000000e+00" m12="0.00000000e+00" m20="0.00000000e+00" m21="0.00000000e+00" m22="1.00000000e+00" tx="0.00000000e+00" ty="0.00000000e+00" tz="0.00000000e+00"/>
				</bone>
				<bone index="1">
					<offset m00="1.00000000e+00" m01="0.00000000e+00" m02="0.00000000e+00" m10="0.00000000e+00" m11="1.00000000e+00" m12="0.00000000e+00" m20="0.00000000e+00" m21="0.00000000e+00" m22="1.00000000e+00" tx="0.00000000e+00" ty="0.00000000e+00" tz="0.00000000e+00"/>
				</bone>
				<bone index="2">
					<offset m00="1.00000000e+00" m01="0.00000000e+00" m02="0.00000000e+00" m10="0.00000000e+00" m11="1.00000000e+00" m12="0.00000000e+00" m20="0.00000000e+00" m21="0.00000000e+00" m22="1.00000000e+00" tx="0.00000000e+00" ty="0.00000000e+00" tz="0.00000000e+00"/>
				</bone>
				<bone index="3">
					<offset m00="1.00000000e+00" m01="0.00000000e+00" m02="0.00000000e+00" m10="0.00000000e+00" m11="1.00000000e+00" m12="0.00000000e+00" m20="0.00000000e+00" m21="0.00000000e+00" m22="1.00000000e+00" tx="0.00000000e+00" ty="0.00000000e+00" tz="0.00000000e+00"/>
				</bone>
				<bone index="4">
					<offset m00="9.78062988e-01" m01="0.00000000e+00" m02="2.08309366e-01" m10="0.00000000e+00" m11="1.00000000e+00" m12="0.00000000e+00" m20="-2.08309366e-01" m21="0.00000000e+00" m22="9.78062988e-01" tx="0.00000000e+00" ty="0.00000000e+00" tz="0.00000000e+00"/>
				</bone>
				<bone index="6">
					<offset m00="1.00000000e+00" m01="0.00000000e+00" m02="0.00000000e+00" m10="0.00000000e+00" m11="1.00000000e+00" m12="0.00000000e+00" m20="0.00000000e+00" m21="0.00000000e+00" m22="1.00000000e+00" tx="0.00000000e+00" ty="0.00000000e+00" tz="0.00000000e+00"/>
				</bone>
				<bone index="7">
					<offset m00="1.00000000e+00" m01="0.00000000e+00" m02="0.00000000e+00" m10="0.00000000e+00" m11="1.00000000e+00" m12="0.00000000e+00" m20="0.00000000e+00" m21="0.00000000e+00" m22="1.00000000e+00" tx="0.00000000e+00" ty="0.00000000e+00" tz="0.00000000e+00"/>
				</bone>
				<bone index="8">
					<offset m00="9.81894389e-01" m01="0.00000000e+00" m02="-1.89429167e-01" m10="0.00000000e+00" m11="1.00000000e+00" m12="0.00000000e+00" m20="1.89429167e-01" m21="0.00000000e+00" m22="9.81894389e-01" tx="0.00000000e+00" ty="0.00000000e+00" tz="0.00000000e+00"/>
				</bone>
				<bone index="10">
					<offset m00="1.00000000e+00" m01="0.00000000e+00" m02="0.00000000e+00" m10="0.00000000e+00" m11="1.00000000e+00" m12="0.00000000e+00" m20="0.00000000e+00" m21="0.00000000e+00" m22="1.00000000e+00" tx="0.00000000e+00" ty="0.00000000e+00" tz="0.00000000e+00"/>
				</bone>
				<bone index="11">
					<offset m00="1.00000000e+00" m01="0.00000000e+00" m02="0.00000000e+00" m10="0.00000000e+00" m11="1.00000000e+00" m12="0.00000000e+00" m20="0.00000000e+00" m21="0.00000000e+00" m22="1.00000000e+00" tx="0.00000000e+00" ty="0.00000000e+00" tz="0.00000000e+00"/>
				</bone>
				<bone index="12">
					<offset m00="2.64646783e-01" m01="9.54018920e-01" m02="1.40747931e-01" m10="-9.64323364e-01" m11="2.62793886e-01" m12="3.19346625e-02" m20="-6.52142334e-03" m21="-1.44177923e-01" m22="9.89530292e-01" tx="1.35377472e-02" ty="-1.77456397e-02" tz="-9.09671094e-03"/>
				</bone>
				<bone index="13">
					<offset m00="9.25228943e-01" m01="2.01444625e-01" m02="-3.21514331e-01" m10="-2.28172934e-01" m11="9.72470126e-01" m12="-4.73177138e-02" m20="3.03131183e-01" m21="1.17140587e-01" m22="9.45721718e-01" tx="-7.79642257e-03" ty="-1.70882566e-03" tz="8.30029468e-04"/>
				</bone>
				<bone index="14">
					<offset m00="9.92776639e-01" m01="6.17921948e-02" m02="1.02840990e-01" m10="-7.29223556e-02" m11="9.91446138e-01" m12="1.08244565e-01" m20="-9.52726331e-02" m21="-1.14962083e-01" m22="9.88790597e-01" tx="0.00000000e+00" ty="0.00000000e+00" tz="0.00000000e+00"/>
				</bone>
				<bone index="15">
					<offset m00="3.27344162e-01" m01="-9.38965392e-01" m02="-1.05781814e-01" m10="9.44807031e-01" m11="3.26866176e-01" m12="2.23198874e-02" m20="1.36188953e-02" m21="-1.07249686e-01" m22="9.94138839e-01" tx="-1.72949892e-02" ty="-2.05900799e-02" tz="-7.31710345e-04"/>
				</bone>
				<bone index="16">
					<offset m00="9.12479111e-01" m01="-2.75818854e-01" m02="3.02168549e-01" m10="2.81891464e-01" m11="9.59139695e-01" m12="2.42538110e-02" m20="-2.96511508e-01" m21="6.30476388e-02" m22="9.52945917e-01" tx="0.00000000e+00" ty="0.00000000e+00" tz="0.00000000e+00"/>
				</bone>
				<bone index="17">
					<offset m00="9.88746104e-01" m01="-9.56857081e-02" m02="-1.15001680e-01" m10="9.39129045e-02" m11="9.95364188e-01" m12="-2.07484683e-02" m20="1.16453886e-01" m21="9.71482543e-03" m22="9.93148586e-01" tx="0.00000000e+00" ty="0.00000000e+00" tz="0.00000000e+00"/>
				</bone>
				<bone index="18">
					<offset m00="1.00000000e+00" m01="0.00000000e+00" m02="0.00000000e+00" m10="0.00000000e+00" m11="1.00000000e+00" m12="0.00000000e+00" m20="0.00000000e+00" m21="0.00000000e+00" m22="1.00000000e+00" tx="1.11087286e+00" ty="1.30099885e-03" tz="0.00000000e+00"/>
				</bone>
				<bone index="19">
					<offset m00="1.00000000e+00" m01="0.00000000e+00" m02="0.00000000e+00" m10="0.00000000e+00" m11="1.00000000e+00" m12="0.00000000e+00" m20="0.00000000e+00" m21="0.00000000e+00" m22="1.00000000e+00" tx="0.00000000e+00" ty="0.00000000e+00" tz="0.00000000e+00"/>
				</bone>
				<bone index="20">
					<offset m00="9.98900291e-01" m01="0.00000000e+00" m02="4.68850675e-02" m10="0.00000000e+00" m11="1.00000000e+00" m12="0.00000000e+00" m20="-4.68850675e-02" m21="0.00000000e+00" m22="9.98900291e-01" tx="-1.41880068e+00" ty="1.57327959e-02" tz="5.69116587e-02"/>
				</bone>
				<bone index="21">
					<offset m00="9.46131527e-01" m01="0.00000000e+00" m02="-3.23782542e-01" m10="0.00000000e+00" m11="1.00000000e+00" m12="0.00000000e+00" m20="3.23782542e-01" m21="0.00000000e+00" m22="9.46131527e-01" tx="-1.42104110e+00" ty="1.54798003e-02" tz="5.66409929e-02"/>
				</bone>
				<bone index="9">
					<offset m00="1.00000000e+00" m01="0.00000000e+00" m02="0.00000000e+00" m10="0.00000000e+00" m11="1.00000000e+00" m12="0.00000000e+00" m20="0.00000000e+00" m21="0.00000000e+00" m22="1.00000000e+00" tx="0.00000000e+00" ty="0.00000000e+00" tz="0.00000000e+00"/>
				</bone>
				<bone index="5">
					<offset m00="1.00000000e+00" m01="0.00000000e+00" m02="0.00000000e+00" m10="0.00000000e+00" m11="1.00000000e+00" m12="0.00000000e+00" m20="0.00000000e+00" m21="0.00000000e+00" m22="1.00000000e+00" tx="0.00000000e+00" ty="0.00000000e+00" tz="0.00000000e+00"/>
				</bone>
			</bones>
		</pose>
		<pose name="default_copy">
			<bones>
				<bone index="0">
					<offset m00="1.00000000e+00" m01="0.00000000e+00" m02="0.00000000e+00" m10="0.00000000e+00" m11="1.00000000e+00" m12="0.00000000e+00" m20="0.00000000e+00" m21="0.00000000e+00" m22="1.00000000e+00" tx="0.00000000e+00" ty="0.00000000e+00" tz="0.00000000e+00"/>
				</bone>
				<bone index="1">
					<offset m00="1.00000000e+00" m01="0.00000000e+00" m02="0.00000000e+00" m10="0.00000000e+00" m11="1.00000000e+00" m12="0.00000000e+00" m20="0.00000000e+00" m21="0.00000000e+00" m22="1.00000000e+00" tx="0.00000000e+00" ty="0.00000000e+00" tz="0.00000000e+00"/>
				</bone>
				<bone index="2">
					<offset m00="1.00000000e+00" m01="0.00000000e+00" m02="0.00000000e+00" m10="0.00000000e+00" m11="1.00000000e+00" m12="0.00000000e+00" m20="0.00000000e+00" m21="0.00000000e+00" m22="1.00000000e+00" tx="0.00000000e+00" ty="0.00000000e+00" tz="0.00000000e+00"/>
				</bone>
				<bone index="3">
					<offset m00="1.00000000e+00" m01="0.00000000e+00" m02="0.00000000e+00" m10="0.00000000e+00" m11="1.00000000e+00" m12="0.00000000e+00" m20="0.00000000e+00" m21="0.00000000e+00" m22="1.00000000e+00" tx="0.00000000e+00" ty="0.00000000e+00" tz="0.00000000e+00"/>
				</bone>
				<bone index="4">
					<offset m00="9.83663003e-01" m01="0.00000000e+00" m02="1.80019713e-01" m10="0.00000000e+00" m11="1.00000000e+00" m12="0.00000000e+00" m20="-1.80019713e-01" m21="0.00000000e+00" m22="9.83663003e-01" tx="0.00000000e+00" ty="0.00000000e+00" tz="0.00000000e+00"/>
				</bone>
				<bone index="6">
					<offset m00="1.00000000e+00" m01="0.00000000e+00" m02="0.00000000e+00" m10="0.00000000e+00" m11="1.00000000e+00" m12="0.00000000e+00" m20="0.00000000e+00" m21="0.00000000e+00" m22="1.00000000e+00" tx="0.00000000e+00" ty="0.00000000e+00" tz="0.00000000e+00"/>
				</bone>
				<bone index="7">
					<offset m00="1.00000000e+00" m01="0.00000000e+00" m02="0.00000000e+00" m10="0.00000000e+00" m11="1.00000000e+00" m12="0.00000000e+00" m20="0.00000000e+00" m21="0.00000000e+00" m22="1.00000000e+00" tx="0.00000000e+00" ty="0.00000000e+00" tz="0.00000000e+00"/>
				</bone>
				<bone index="8">
					<offset m00="9.83504937e-01" m01="0.00000000e+00" m02="-1.80881283e-01" m10="0.00000000e+00" m11="1.00000000e+00" m12="0.00000000e+00" m20="1.80881283e-01" m21="0.00000000e+00" m22="9.83504937e-01" tx="0.00000000e+00" ty="0.00000000e+00" tz="0.00000000e+00"/>
				</bone>
				<bone index="10">
					<offset m00="1.00000000e+00" m01="0.00000000e+00" m02="0.00000000e+00" m10="0.00000000e+00" m11="1.00000000e+00" m12="0.00000000e+00" m20="0.00000000e+00" m21="0.00000000e+00" m22="1.00000000e+00" tx="0.00000000e+00" ty="0.00000000e+00" tz="0.00000000e+00"/>
				</bone>
				<bone index="11">
					<offset m00="1.00000000e+00" m01="0.00000000e+00" m02="0.00000000e+00" m10="0.00000000e+00" m11="1.00000000e+00" m12="0.00000000e+00" m20="0.00000000e+00" m21="0.00000000e+00" m22="1.00000000e+00" tx="0.00000000e+00" ty="0.00000000e+00" tz="0.00000000e+00"/>
				</bone>
				<bone index="12">
					<offset m00="3.55037718e-01" m01="9.22768434e-01" m02="1.49822016e-01" m10="-9.34823096e-01" m11="3.51697528e-01" m12="4.91388504e-02" m20="-7.34825267e-03" m21="-1.57503226e-01" m22="9.87491133e-01" tx="1.37167627e-02" ty="-1.76186757e-02" tz="8.86079855e-03"/>
				</bone>
				<bone index="13">
					<offset m00="9.24376648e-01" m01="3.29044207e-01" m02="-1.93022593e-01" m10="-3.33245984e-01" m11="9.42772944e-01" m12="1.12379079e-02" m20="1.85674247e-01" m21="5.39359444e-02" m22="9.81129955e-01" tx="0.00000000e+00" ty="0.00000000e+00" tz="0.00000000e+00"/>
				</bone>
				<bone index="14">
					<offset m00="1.00000000e+00" m01="0.00000000e+00" m02="0.00000000e+00" m10="0.00000000e+00" m11="1.00000000e+00" m12="0.00000000e+00" m20="0.00000000e+00" m21="0.00000000e+00" m22="1.00000000e+00" tx="0.00000000e+00" ty="0.00000000e+00" tz="0.00000000e+00"/>
				</bone>
				<bone index="15">
					<offset m00="3.56896042e-01" m01="-9.29158908e-01" m02="-9.63791481e-02" m10="9.33869659e-01" m11="3.57387904e-01" m12="1.27022205e-02" m20="2.26423604e-02" m21="-9.45389344e-02" m22="9.95263640e-01" tx="-1.73851713e-02" ty="-2.01623300e-02" tz="4.61410731e-03"/>
				</bone>
				<bone index="16">
					<offset m00="9.05747083e-01" m01="-3.45599025e-01" m02="2.45323329e-01" m10="3.41007289e-01" m11="9.37989090e-01" m12="6.23738410e-02" m20="-2.51666945e-01" m21="2.71621187e-02" m22="9.67432669e-01" tx="0.00000000e+00" ty="0.00000000e+00" tz="0.00000000e+00"/>
				</bone>
				<bone index="17">
					<offset m00="1.00000000e+00" m01="0.00000000e+00" m02="0.00000000e+00" m10="0.00000000e+00" m11="1.00000000e+00" m12="0.00000000e+00" m20="0.00000000e+00" m21="0.00000000e+00" m22="1.00000000e+00" tx="0.00000000e+00" ty="0.00000000e+00" tz="0.00000000e+00"/>
				</bone>
				<bone index="18">
					<offset m00="1.00000000e+00" m01="0.00000000e+00" m02="0.00000000e+00" m10="0.00000000e+00" m11="1.00000000e+00" m12="0.00000000e+00" m20="0.00000000e+00" m21="0.00000000e+00" m22="1.00000000e+00" tx="1.11087286e+00" ty="1.30099885e-03" tz="0.00000000e+00"/>
				</bone>
				<bone index="19">
					<offset m00="1.00000000e+00" m01="0.00000000e+00" m02="0.00000000e+00" m10="0.00000000e+00" m11="1.00000000e+00" m12="0.00000000e+00" m20="0.00000000e+00" m21="0.00000000e+00" m22="1.00000000e+00" tx="0.00000000e+00" ty="0.00000000e+00" tz="0.00000000e+00"/>
				</bone>
				<bone index="20">
					<offset m00="9.99827483e-01" m01="0.00000000e+00" m02="1.85743058e-02" m10="0.00000000e+00" m11="1.00000000e+00" m12="0.00000000e+00" m20="-1.85743058e-02" m21="0.00000000e+00" m22="9.99827483e-01" tx="-1.41890441e+00" ty="1.57327959e-02" tz="5.69116587e-02"/>
				</bone>
				<bone index="21">
					<offset m00="9.58239515e-01" m01="0.00000000e+00" m02="-2.85966839e-01" m10="0.00000000e+00" m11="1.00000000e+00" m12="0.00000000e+00" m20="2.85966839e-01" m21="0.00000000e+00" m22="9.58239515e-01" tx="-1.42104110e+00" ty="1.54798003e-02" tz="5.66409929e-02"/>
				</bone>
				<bone index="9">
					<offset m00="1.00000000e+00" m01="0.00000000e+00" m02="0.00000000e+00" m10="0.00000000e+00" m11="1.00000000e+00" m12="0.00000000e+00" m20="0.00000000e+00" m21="0.00000000e+00" m22="1.00000000e+00" tx="0.00000000e+00" ty="0.00000000e+00" tz="0.00000000e+00"/>
				</bone>
				<bone index="5">
					<offset m00="1.00000000e+00" m01="0.00000000e+00" m02="0.00000000e+00" m10="0.00000000e+00" m11="1.00000000e+00" m12="0.00000000e+00" m20="0.00000000e+00" m21="0.00000000e+00" m22="1.00000000e+00" tx="0.00000000e+00" ty="0.00000000e+00" tz="0.00000000e+00"/>
				</bone>
			</bones>
		</pose>
		<pose name="commander_sitting">
			<bones>
				<bone index="0">
					<offset m00="1.00000000e+00" m01="0.00000000e+00" m02="0.00000000e+00" m10="0.00000000e+00" m11="1.00000000e+00" m12="0.00000000e+00" m20="0.00000000e+00" m21="0.00000000e+00" m22="1.00000000e+00" tx="0.00000000e+00" ty="-6.73026815e-02" tz="-9.67555032e-02"/>
				</bone>
				<bone index="1">
					<offset m00="1.00000000e+00" m01="0.00000000e+00" m02="0.00000000e+00" m10="0.00000000e+00" m11="1.00000000e+00" m12="0.00000000e+00" m20="0.00000000e+00" m21="0.00000000e+00" m22="1.00000000e+00" tx="0.00000000e+00" ty="0.00000000e+00" tz="0.00000000e+00"/>
				</bone>
				<bone index="2">
					<offset m00="9.99550406e-01" m01="-3.54660025e-04" m02="2.99810116e-02" m10="2.99052275e-02" m11="8.38173895e-02" m12="-9.96032290e-01" m20="-2.15967728e-03" m21="9.96481068e-01" m22="8.37903119e-02" tx="0.00000000e+00" ty="-1.12309409e-02" tz="0.00000000e+00"/>
				</bone>
				<bone index="3">
					<offset m00="9.97632433e-01" m01="6.80971032e-02" m02="9.60802497e-03" m10="-2.72341807e-02" m11="2.62909514e-01" m12="9.64436046e-01" m20="6.31492598e-02" m21="-9.62414345e-01" m22="2.64141626e-01" tx="-4.57534594e-05" ty="2.41570318e-04" tz="-1.78307537e-02"/>
				</bone>
				<bone index="4">
					<offset m00="9.81758961e-01" m01="-2.22775837e-02" m02="1.88820153e-01" m10="-3.31217908e-03" m11="9.90957172e-01" m12="1.34137657e-01" m20="-1.90100947e-01" m21="-1.32316253e-01" m22="9.72807298e-01" tx="0.00000000e+00" ty="0.00000000e+00" tz="0.00000000e+00"/>
				</bone>
				<bone index="6">
					<offset m00="9.99551989e-01" m01="1.02555181e-03" m02="-2.99127107e-02" m10="-2.98072243e-02" m11="1.24644022e-01" m12="-9.91753698e-01" m20="2.71134578e-03" m21="9.92200996e-01" m22="1.24618749e-01" tx="0.00000000e+00" ty="-1.72182582e-02" tz="0.00000000e+00"/>
				</bone>
				<bone index="7">
					<offset m00="9.88407979e-01" m01="-1.51196936e-01" m02="1.37532824e-02" m10="3.07591801e-02" m11="2.88139485e-01" m12="9.57094306e-01" m20="-1.48672590e-01" m21="-9.45576609e-01" m22="2.89450060e-01" tx="0.00000000e+00" ty="0.00000000e+00" tz="0.00000000e+00"/>
				</bone>
				<bone index="8">
					<offset m00="9.84844031e-01" m01="2.37005963e-02" m02="-1.71815357e-01" m10="-5.37663694e-03" m11="9.94315369e-01" m12="1.06339264e-01" m20="1.73358954e-01" m21="-1.03803800e-01" m22="9.79372985e-01" tx="0.00000000e+00" ty="0.00000000e+00" tz="0.00000000e+00"/>
				</bone>
				<bone index="10">
					<offset m00="1.00000000e+00" m01="0.00000000e+00" m02="0.00000000e+00" m10="0.00000000e+00" m11="9.99863991e-01" m12="-1.64924288e-02" m20="0.00000000e+00" m21="1.64924288e-02" m22="9.99863991e-01" tx="0.00000000e+00" ty="-2.16999984e-04" tz="-1.94169935e-02"/>
				</bone>
				<bone index="11">
					<offset m00="1.00000000e+00" m01="0.00000000e+00" m02="0.00000000e+00" m10="0.00000000e+00" m11="9.98552342e-01" m12="-5.37886712e-02" m20="0.00000000e+00" m21="5.37886712e-02" m22="9.98552342e-01" tx="0.00000000e+00" ty="0.00000000e+00" tz="0.00000000e+00"/>
				</bone>
				<bone index="12">
					<offset m00="3.32354193e-01" m01="9.00272442e-01" m02="-2.81158713e-01" m10="-9.42149743e-01" m11="3.30662585e-01" m12="-5.49191750e-02" m20="4.35264472e-02" m21="2.83146228e-01" m22="9.58088547e-01" tx="7.08062202e-03" ty="-2.70204995e-02" tz="6.64875355e-03"/>
				</bone>
				<bone index="13">
					<offset m00="8.23249990e-01" m01="1.33699373e-01" m02="-5.51710008e-01" m10="4.48202452e-01" m11="4.43357826e-01" m12="7.76239911e-01" m20="3.48387738e-01" m21="-8.86317278e-01" m22="3.05069939e-01" tx="0.00000000e+00" ty="0.00000000e+00" tz="0.00000000e+00"/>
				</bone>
				<bone index="14">
					<offset m00="9.48206471e-01" m01="-3.12975635e-01" m02="-5.43207110e-02" m10="3.13682084e-01" m11="9.49516003e-01" m12="4.78655164e-03" m20="5.00803104e-02" m21="-2.15780732e-02" m22="9.98512068e-01" tx="0.00000000e+00" ty="0.00000000e+00" tz="0.00000000e+00"/>
				</bone>
				<bone index="15">
					<offset m00="3.70652512e-01" m01="-8.98742497e-01" m02="2.34261904e-01" m10="9.28736524e-01" m11="3.60847598e-01" m12="-8.50733883e-02" m20="-8.07377611e-03" m21="2.49100252e-01" m22="9.68444050e-01" tx="-1.30542918e-02" ty="-2.16041297e-02" tz="1.16423240e-02"/>
				</bone>
				<bone index="16">
					<offset m00="7.95465409e-01" m01="-1.80914844e-01" m02="5.78363729e-01" m10="-3.77306008e-01" m11="5.98982178e-01" m12="7.06300593e-01" m20="-4.74209826e-01" m21="-7.80057798e-01" m22="4.08209346e-01" tx="-9.19271485e-04" ty="2.67027632e-04" tz="-3.90665471e-03"/>
				</bone>
				<bone index="17">
					<offset m00="9.17201993e-01" m01="3.70112971e-01" m02="1.47502180e-01" m10="-3.71323859e-01" m11="9.28282076e-01" m12="-2.02726095e-02" m20="-1.44426785e-01" m21="-3.61770008e-02" m22="9.88853947e-01" tx="0.00000000e+00" ty="0.00000000e+00" tz="0.00000000e+00"/>
				</bone>
				<bone index="18">
					<offset m00="1.00000000e+00" m01="0.00000000e+00" m02="0.00000000e+00" m10="0.00000000e+00" m11="9.94740425e-01" m12="1.02427966e-01" m20="0.00000000e+00" m21="-1.02427966e-01" m22="9.94740425e-01" tx="1.11087286e+00" ty="1.30099885e-03" tz="-1.38777878e-17"/>
				</bone>
				<bone index="19">
					<offset m00="1.00000000e+00" m01="0.00000000e+00" m02="0.00000000e+00" m10="0.00000000e+00" m11="1.00000000e+00" m12="0.00000000e+00" m20="0.00000000e+00" m21="0.00000000e+00" m22="1.00000000e+00" tx="0.00000000e+00" ty="0.00000000e+00" tz="0.00000000e+00"/>
				</bone>
				<bone index="20">
					<offset m00="9.97243358e-01" m01="2.39626078e-03" m02="7.41616049e-02" m10="-2.39626079e-03" m11="9.99997125e-01" m12="-8.89779131e-05" m20="-7.41616051e-02" m21="-8.89779131e-05" m22="9.97246233e-01" tx="-1.41858318e+00" ty="1.57327959e-02" tz="5.69116587e-02"/>
				</bone>
				<bone index="21">
					<offset m00="9.56093228e-01" m01="-9.46430876e-03" m02="-2.92909825e-01" m10="9.46430879e-03" m11="9.99954208e-01" m12="-1.41720701e-03" m20="2.92909826e-01" m21="-1.41720701e-03" m22="9.56139020e-01" tx="-1.42104110e+00" ty="1.54798003e-02" tz="5.66409929e-02"/>
				</bone>
				<bone index="9">
					<offset m00="1.00000000e+00" m01="0.00000000e+00" m02="0.00000000e+00" m10="0.00000000e+00" m11="1.00000000e+00" m12="0.00000000e+00" m20="0.00000000e+00" m21="0.00000000e+00" m22="1.00000000e+00" tx="0.00000000e+00" ty="0.00000000e+00" tz="0.00000000e+00"/>
				</bone>
				<bone index="5">
					<offset m00="1.00000000e+00" m01="0.00000000e+00" m02="0.00000000e+00" m10="0.00000000e+00" m11="1.00000000e+00" m12="0.00000000e+00" m20="0.00000000e+00" m21="0.00000000e+00" m22="1.00000000e+00" tx="0.00000000e+00" ty="0.00000000e+00" tz="0.00000000e+00"/>
				</bone>
			</bones>
		</pose>
		<pose name="lying">
			<bones>
				<bone index="0">
					<offset m00="1.00000000e+00" m01="0.00000000e+00" m02="0.00000000e+00" m10="0.00000000e+00" m11="1.00000000e+00" m12="0.00000000e+00" m20="0.00000000e+00" m21="0.00000000e+00" m22="1.00000000e+00" tx="0.00000000e+00" ty="0.00000000e+00" tz="0.00000000e+00"/>
				</bone>
				<bone index="1">
					<offset m00="1.00000000e+00" m01="0.00000000e+00" m02="0.00000000e+00" m10="0.00000000e+00" m11="1.00000000e+00" m12="0.00000000e+00" m20="0.00000000e+00" m21="0.00000000e+00" m22="1.00000000e+00" tx="0.00000000e+00" ty="0.00000000e+00" tz="0.00000000e+00"/>
				</bone>
				<bone index="2">
					<offset m00="9.98865861e-01" m01="4.76129437e-02" m02="0.00000000e+00" m10="-4.76129437e-02" m11="9.98865861e-01" m12="0.00000000e+00" m20="0.00000000e+00" m21="0.00000000e+00" m22="1.00000000e+00" tx="0.00000000e+00" ty="0.00000000e+00" tz="0.00000000e+00"/>
				</bone>
				<bone index="3">
					<offset m00="1.00000000e+00" m01="0.00000000e+00" m02="0.00000000e+00" m10="0.00000000e+00" m11="1.00000000e+00" m12="0.00000000e+00" m20="0.00000000e+00" m21="0.00000000e+00" m22="1.00000000e+00" tx="0.00000000e+00" ty="0.00000000e+00" tz="0.00000000e+00"/>
				</bone>
				<bone index="4">
					<offset m00="9.77443891e-01" m01="4.96557720e-04" m02="2.11194682e-01" m10="1.70779136e-04" m11="9.99995051e-01" m12="-3.14156719e-03" m20="-2.11195197e-01" m21="3.10677331e-03" m22="9.77438969e-01" tx="0.00000000e+00" ty="0.00000000e+00" tz="0.00000000e+00"/>
				</bone>
				<bone index="6">
					<offset m00="9.98427018e-01" m01="-5.60668250e-02" m02="0.00000000e+00" m10="5.60668250e-02" m11="9.98427018e-01" m12="0.00000000e+00" m20="0.00000000e+00" m21="0.00000000e+00" m22="1.00000000e+00" tx="0.00000000e+00" ty="0.00000000e+00" tz="0.00000000e+00"/>
				</bone>
				<bone index="7">
