<?xml version="1.0" encoding="UTF-8"?>
<data layer_count="1" is_underwater_allowed="false" is_rotatable="true">
	<mesh file="meshes/building_biome_tiles/communication_command_building_b_multi_mid_a.mesh"/>
	<mesh_low_lod file=""/>
	<mesh_lava file=""/>
	<body file=""/>
	<corner_0 min_height="0" max_height="0" is_snap_layers="false" layer_index="0"/>
	<corner_1 min_height="0" max_height="0" is_snap_layers="false" layer_index="0"/>
	<corner_2 min_height="0" max_height="0" is_snap_layers="false" layer_index="0"/>
	<edge_0 type="0" height="0"/>
	<edge_1 type="0" height="0"/>
	<edge_2 type="0" height="0"/>
	<navmesh>
		<tri>
			<p0 x="2.40000000e+01" y="0.00000000e+00" z="-1.38564091e+01"/>
			<p1 x="9.31698895e+00" y="0.00000000e+00" z="2.80767441e+00"/>
			<p2 x="0.00000000e+00" y="0.00000000e+00" z="2.77128143e+01"/>
		</tri>
		<tri>
			<p0 x="2.39999981e+01" y="0.00000000e+00" z="-1.38564062e+01"/>
			<p1 x="-2.40000019e+01" y="0.00000000e+00" z="-1.38564043e+01"/>
			<p2 x="3.47757530e+00" y="0.00000000e+00" z="-1.22708750e+01"/>
		</tri>
		<tri>
			<p0 x="-2.40000019e+01" y="0.00000000e+00" z="-1.38564062e+01"/>
			<p1 x="-4.80000000e+01" y="0.00000000e+00" z="2.77128181e+01"/>
			<p2 x="-3.25789948e+01" y="0.00000000e+00" z="5.36449146e+00"/>
		</tri>
		<tri>
			<p0 x="-4.80000000e+01" y="0.00000000e+00" z="2.77128181e+01"/>
			<p1 x="-2.40000000e+01" y="0.00000000e+00" z="6.92820358e+01"/>
			<p2 x="-3.47321320e+01" y="0.00000000e+00" z="4.63098106e+01"/>
		</tri>
		<tri>
			<p0 x="0.00000000e+00" y="0.00000000e+00" z="2.77128124e+01"/>
			<p1 x="-1.31187773e+01" y="0.00000000e+00" z="4.76218643e+01"/>
			<p2 x="-2.40000000e+01" y="0.00000000e+00" z="6.92820358e+01"/>
		</tri>
		<tri>
			<p0 x="-1.31187773e+01" y="0.00000000e+00" z="4.76218643e+01"/>
			<p1 x="0.00000000e+00" y="0.00000000e+00" z="2.77128143e+01"/>
			<p2 x="-8.93014193e-01" y="1.96134001e-02" z="2.51521130e+01"/>
		</tri>
		<tri>
			<p0 x="-8.93014193e-01" y="1.96134001e-02" z="2.51521130e+01"/>
			<p1 x="0.00000000e+00" y="0.00000000e+00" z="2.77128124e+01"/>
			<p2 x="9.31698895e+00" y="0.00000000e+00" z="2.80767441e+00"/>
		</tri>
		<tri>
			<p0 x="-1.31187773e+01" y="0.00000000e+00" z="4.76218643e+01"/>
			<p1 x="-2.16922131e+01" y="0.00000000e+00" z="4.72398605e+01"/>
			<p2 x="-2.40000000e+01" y="0.00000000e+00" z="6.92820358e+01"/>
		</tri>
		<tri>
			<p0 x="-2.16922131e+01" y="0.00000000e+00" z="4.72398605e+01"/>
			<p1 x="-2.66821918e+01" y="0.00000000e+00" z="3.98429642e+01"/>
			<p2 x="-3.47321320e+01" y="0.00000000e+00" z="4.63098106e+01"/>
		</tri>
		<tri>
			<p0 x="-3.47321320e+01" y="0.00000000e+00" z="4.63098106e+01"/>
			<p1 x="-2.66821918e+01" y="0.00000000e+00" z="3.98429642e+01"/>
			<p2 x="-2.91849518e+01" y="0.00000000e+00" z="3.77710648e+01"/>
		</tri>
		<tri>
			<p0 x="-2.91849518e+01" y="0.00000000e+00" z="3.77710648e+01"/>
			<p1 x="-3.94578857e+01" y="0.00000000e+00" z="3.02849178e+01"/>
			<p2 x="-3.47321320e+01" y="0.00000000e+00" z="4.63098106e+01"/>
		</tri>
		<tri>
			<p0 x="-2.16922131e+01" y="0.00000000e+00" z="4.72398605e+01"/>
			<p1 x="-3.47321320e+01" y="0.00000000e+00" z="4.63098106e+01"/>
			<p2 x="-2.40000000e+01" y="0.00000000e+00" z="6.92820358e+01"/>
		</tri>
		<tri>
			<p0 x="-3.94578857e+01" y="0.00000000e+00" z="3.02849178e+01"/>
			<p1 x="-4.80000000e+01" y="0.00000000e+00" z="2.77128181e+01"/>
			<p2 x="-3.47321320e+01" y="0.00000000e+00" z="4.63098106e+01"/>
		</tri>
		<tri>
			<p0 x="-3.94578857e+01" y="0.00000000e+00" z="3.02849178e+01"/>
			<p1 x="-3.65872993e+01" y="0.00000000e+00" z="1.59251766e+01"/>
			<p2 x="-4.80000000e+01" y="0.00000000e+00" z="2.77128181e+01"/>
		</tri>
		<tri>
			<p0 x="-3.65872993e+01" y="0.00000000e+00" z="1.59251766e+01"/>
			<p1 x="-3.25789948e+01" y="0.00000000e+00" z="5.36449146e+00"/>
			<p2 x="-4.80000000e+01" y="0.00000000e+00" z="2.77128181e+01"/>
		</tri>
		<tri>
			<p0 x="-3.25789948e+01" y="0.00000000e+00" z="5.36449146e+00"/>
			<p1 x="-2.27473564e+01" y="1.46784559e-01" z="-1.21111689e+01"/>
			<p2 x="-2.40000019e+01" y="0.00000000e+00" z="-1.38564043e+01"/>
		</tri>
		<tri>
			<p0 x="-2.27473564e+01" y="1.46784559e-01" z="-1.21111689e+01"/>
			<p1 x="3.47757530e+00" y="0.00000000e+00" z="-1.22708750e+01"/>
			<p2 x="-2.40000019e+01" y="0.00000000e+00" z="-1.38564043e+01"/>
		</tri>
		<tri>
			<p0 x="3.47757530e+00" y="0.00000000e+00" z="-1.22708750e+01"/>
			<p1 x="8.01971626e+00" y="2.55476713e-01" z="-5.98471308e+00"/>
			<p2 x="2.39999981e+01" y="0.00000000e+00" z="-1.38564062e+01"/>
		</tri>
		<tri>
			<p0 x="8.01971626e+00" y="2.55476713e-01" z="-5.98471308e+00"/>
			<p1 x="9.31698895e+00" y="0.00000000e+00" z="2.80767441e+00"/>
			<p2 x="2.39999981e+01" y="0.00000000e+00" z="-1.38564062e+01"/>
		</tri>
		<tri>
			<p0 x="-2.66821918e+01" y="0.00000000e+00" z="3.98429642e+01"/>
			<p1 x="-2.01598549e+01" y="0.00000000e+00" z="2.92425270e+01"/>
			<p2 x="-2.36193619e+01" y="0.00000000e+00" z="3.01809082e+01"/>
		</tri>
		<tri>
			<p0 x="-2.36193619e+01" y="0.00000000e+00" z="3.01809082e+01"/>
			<p1 x="-2.91849518e+01" y="0.00000000e+00" z="3.77710648e+01"/>
			<p2 x="-2.66821918e+01" y="0.00000000e+00" z="3.98429642e+01"/>
		</tri>
		<tri>
			<p0 x="-2.36193619e+01" y="0.00000000e+00" z="3.01809082e+01"/>
			<p1 x="-2.12598534e+01" y="0.00000000e+00" z="2.39957466e+01"/>
			<p2 x="-2.23687592e+01" y="7.10542736e-15" z="2.32792339e+01"/>
		</tri>
		<tri>
			<p0 x="-2.12598534e+01" y="0.00000000e+00" z="2.39957466e+01"/>
			<p1 x="-2.36193619e+01" y="0.00000000e+00" z="3.01809082e+01"/>
			<p2 x="-2.01598549e+01" y="0.00000000e+00" z="2.92425270e+01"/>
		</tri>
		<tri>
			<p0 x="-2.12598534e+01" y="0.00000000e+00" z="2.39957466e+01"/>
			<p1 x="-1.33818903e+01" y="0.00000000e+00" z="1.43626690e+01"/>
			<p2 x="-1.61611214e+01" y="0.00000000e+00" z="1.26785164e+01"/>
		</tri>
		<tri>
			<p0 x="-1.61611214e+01" y="0.00000000e+00" z="1.26785164e+01"/>
			<p1 x="-2.23687592e+01" y="7.10542736e-15" z="2.32792339e+01"/>
			<p2 x="-2.12598534e+01" y="0.00000000e+00" z="2.39957466e+01"/>
		</tri>
		<tri>
			<p0 x="-1.61611214e+01" y="0.00000000e+00" z="1.26785164e+01"/>
			<p1 x="-1.20298729e+01" y="1.62073290e+00" z="7.75236702e+00"/>
			<p2 x="-1.48466682e+01" y="0.00000000e+00" z="7.04489136e+00"/>
		</tri>
		<tri>
			<p0 x="-1.20298729e+01" y="1.62073290e+00" z="7.75236702e+00"/>
			<p1 x="-1.61611214e+01" y="0.00000000e+00" z="1.26785164e+01"/>
			<p2 x="-1.33818903e+01" y="0.00000000e+00" z="1.43626690e+01"/>
		</tri>
		<tri>
			<p0 x="-1.20298729e+01" y="1.62073290e+00" z="7.75236702e+00"/>
			<p1 x="-1.33818903e+01" y="0.00000000e+00" z="1.43626690e+01"/>
			<p2 x="-8.77417660e+00" y="1.72959113e+00" z="1.20431490e+01"/>
		</tri>
		<tri>
			<p0 x="-1.33818903e+01" y="0.00000000e+00" z="1.43626690e+01"/>
			<p1 x="-8.50569248e+00" y="0.00000000e+00" z="1.38166094e+01"/>
			<p2 x="-8.77417660e+00" y="1.72959113e+00" z="1.20431490e+01"/>
		</tri>
		<tri>
			<p0 x="-8.77417660e+00" y="1.72959113e+00" z="1.20431490e+01"/>
			<p1 x="1.62700284e+00" y="6.66387737e-01" z="1.15618181e+01"/>
			<p2 x="1.40474224e+00" y="8.14233005e-01" z="9.98491287e+00"/>
		</tri>
		<tri>
			<p0 x="1.62700284e+00" y="6.66387737e-01" z="1.15618181e+01"/>
			<p1 x="-8.77417660e+00" y="1.72959113e+00" z="1.20431490e+01"/>
			<p2 x="-8.50569248e+00" y="0.00000000e+00" z="1.38166094e+01"/>
		</tri>
		<tri>
			<p0 x="1.62700284e+00" y="6.66387737e-01" z="1.15618181e+01"/>
			<p1 x="-8.93014193e-01" y="1.96134001e-02" z="2.51521130e+01"/>
			<p2 x="9.31698895e+00" y="0.00000000e+00" z="2.80767441e+00"/>
		</tri>
		<tri>
			<p0 x="9.31698895e+00" y="0.00000000e+00" z="2.80767441e+00"/>
			<p1 x="1.40474224e+00" y="8.14233005e-01" z="9.98491287e+00"/>
			<p2 x="1.62700284e+00" y="6.66387737e-01" z="1.15618181e+01"/>
		</tri>
		<tri>
			<p0 x="1.40474224e+00" y="8.14233005e-01" z="9.98491287e+00"/>
			<p1 x="9.31698895e+00" y="0.00000000e+00" z="2.80767441e+00"/>
			<p2 x="8.01971626e+00" y="2.55476713e-01" z="-5.98471308e+00"/>
		</tri>
		<tri>
			<p0 x="-2.23687592e+01" y="7.10542736e-15" z="2.32792339e+01"/>
			<p1 x="-2.74221230e+01" y="0.00000000e+00" z="2.47833557e+01"/>
			<p2 x="-2.36193619e+01" y="0.00000000e+00" z="3.01809082e+01"/>
		</tri>
		<tri>
			<p0 x="-2.36193619e+01" y="0.00000000e+00" z="3.01809082e+01"/>
			<p1 x="-2.74221230e+01" y="0.00000000e+00" z="2.47833557e+01"/>
			<p2 x="-2.88687706e+01" y="0.00000000e+00" z="2.43573971e+01"/>
		</tri>
		<tri>
			<p0 x="-2.74221230e+01" y="0.00000000e+00" z="2.47833557e+01"/>
			<p1 x="-2.50502853e+01" y="7.10542736e-15" z="1.37460852e+01"/>
			<p2 x="-2.68200359e+01" y="0.00000000e+00" z="1.67613678e+01"/>
		</tri>
		<tri>
			<p0 x="-2.68200359e+01" y="0.00000000e+00" z="1.67613678e+01"/>
			<p1 x="-2.88687706e+01" y="0.00000000e+00" z="2.43573971e+01"/>
			<p2 x="-2.74221230e+01" y="0.00000000e+00" z="2.47833557e+01"/>
		</tri>
		<tri>
			<p0 x="-2.50502853e+01" y="7.10542736e-15" z="1.37460852e+01"/>
			<p1 x="-2.69341106e+01" y="0.00000000e+00" z="1.24760647e+01"/>
			<p2 x="-2.68200359e+01" y="0.00000000e+00" z="1.67613678e+01"/>
		</tri>
	</navmesh>
	<forest>
		<tri>
			<p0 x="2.40000000e+01" y="0.00000000e+00" z="-1.38564091e+01"/>
			<p1 x="-6.71436119e+00" y="0.00000000e+00" z="-1.38411751e+01"/>
			<p2 x="1.26896410e+01" y="0.00000000e+00" z="5.73370934e+00"/>
		</tri>
		<tri>
			<p0 x="7.70512295e+00" y="1.96891114e-01" z="1.74325466e+00"/>
			<p1 x="6.54426396e-01" y="1.75506592e-01" z="1.97588177e+01"/>
			<p2 x="1.26896410e+01" y="0.00000000e+00" z="5.73370934e+00"/>
		</tri>
		<tri>
			<p0 x="6.54426396e-01" y="1.75506592e-01" z="1.97588177e+01"/>
			<p1 x="-8.51551247e+00" y="0.00000000e+00" z="3.81926804e+01"/>
			<p2 x="1.26896410e+01" y="0.00000000e+00" z="5.73370934e+00"/>
		</tri>
		<tri>
			<p0 x="1.26896410e+01" y="0.00000000e+00" z="5.73370934e+00"/>
			<p1 x="-8.51551247e+00" y="0.00000000e+00" z="3.81926804e+01"/>
			<p2 x="-2.40000000e+01" y="0.00000000e+00" z="6.92820358e+01"/>
		</tri>
		<tri>
			<p0 x="-8.77025223e+00" y="0.00000000e+00" z="3.91970787e+01"/>
			<p1 x="-2.20348949e+01" y="0.00000000e+00" z="5.59955177e+01"/>
			<p2 x="-2.40000000e+01" y="0.00000000e+00" z="6.92820358e+01"/>
		</tri>
		<tri>
			<p0 x="-1.76413326e+01" y="0.00000000e+00" z="4.97431717e+01"/>
			<p1 x="-3.71196709e+01" y="0.00000000e+00" z="4.58350334e+01"/>
			<p2 x="-2.40824337e+01" y="0.00000000e+00" z="6.83765106e+01"/>
		</tri>
		<tri>
			<p0 x="-2.82210140e+01" y="0.00000000e+00" z="4.84474068e+01"/>
			<p1 x="-4.33395386e+01" y="0.00000000e+00" z="2.30920963e+01"/>
			<p2 x="-4.74067421e+01" y="0.00000000e+00" z="2.75856476e+01"/>
		</tri>
		<tri>
			<p0 x="-4.74067421e+01" y="0.00000000e+00" z="2.75856476e+01"/>
			<p1 x="-3.71196709e+01" y="0.00000000e+00" z="4.58350334e+01"/>
			<p2 x="-2.82210140e+01" y="0.00000000e+00" z="4.84474068e+01"/>
		</tri>
		<tri>
			<p0 x="-4.74067421e+01" y="0.00000000e+00" z="2.75856476e+01"/>
			<p1 x="-3.59558334e+01" y="0.00000000e+00" z="2.25053825e+01"/>
			<p2 x="-3.37241020e+01" y="0.00000000e+00" z="3.39889145e+00"/>
		</tri>
		<tri>
			<p0 x="-3.37241020e+01" y="0.00000000e+00" z="3.39889145e+00"/>
			<p1 x="-2.52946186e+01" y="0.00000000e+00" z="-1.33766258e+00"/>
			<p2 x="-2.37728844e+01" y="0.00000000e+00" z="-1.39454851e+01"/>
		</tri>
		<tri>
			<p0 x="-3.44179993e+01" y="0.00000000e+00" z="1.00185051e+01"/>
			<p1 x="-2.52946186e+01" y="0.00000000e+00" z="-1.33766258e+00"/>
			<p2 x="-3.37241020e+01" y="0.00000000e+00" z="3.39889145e+00"/>
		</tri>
		<tri>
			<p0 x="-2.49838829e+01" y="0.00000000e+00" z="-2.42405772e+00"/>
			<p1 x="-1.52290964e+01" y="3.08058952e-05" z="-1.31586609e+01"/>
			<p2 x="-2.37728844e+01" y="0.00000000e+00" z="-1.39454851e+01"/>
		</tri>
		<tri>
			<p0 x="-1.68894615e+01" y="1.81037590e-01" z="-1.10643129e+01"/>
			<p1 x="-4.98767900e+00" y="9.70306993e-02" z="-1.16448879e+01"/>
			<p2 x="-6.71436119e+00" y="0.00000000e+00" z="-1.38411751e+01"/>
		</tri>
		<tri>
			<p0 x="-6.71436119e+00" y="0.00000000e+00" z="-1.38411751e+01"/>
			<p1 x="-1.68826580e+01" y="3.08071030e-05" z="-1.31862640e+01"/>
			<p2 x="-1.68894615e+01" y="1.81037590e-01" z="-1.10643129e+01"/>
		</tri>
	</forest>
	<markers>
		<marker vehicle_type="0" type="3">
			<transform m00="1.00000000e+00" m01="0.00000000e+00" m02="0.00000000e+00" m10="0.00000000e+00" m11="1.00000000e+00" m12="0.00000000e+00" m20="0.00000000e+00" m21="0.00000000e+00" m22="1.00000000e+00" tx="-1.11696348e+01" ty="5.44570541e+00" tz="2.76079597e+01"/>
		</marker>
		<marker vehicle_type="0" type="4">
			<transform m00="1.00000000e+00" m01="0.00000000e+00" m02="0.00000000e+00" m10="0.00000000e+00" m11="1.00000000e+00" m12="0.00000000e+00" m20="0.00000000e+00" m21="0.00000000e+00" m22="1.00000000e+00" tx="-2.15748653e+01" ty="0.00000000e+00" tz="3.42318039e+01"/>
		</marker>
		<marker vehicle_type="0" type="4">
			<transform m00="1.00000000e+00" m01="0.00000000e+00" m02="0.00000000e+00" m10="0.00000000e+00" m11="1.00000000e+00" m12="0.00000000e+00" m20="0.00000000e+00" m21="0.00000000e+00" m22="1.00000000e+00" tx="-2.23084984e+01" ty="1.42108547e-14" tz="2.64008827e+01"/>
		</marker>
		<marker vehicle_type="0" type="4">
			<transform m00="1.00000000e+00" m01="0.00000000e+00" m02="0.00000000e+00" m10="0.00000000e+00" m11="1.00000000e+00" m12="0.00000000e+00" m20="0.00000000e+00" m21="0.00000000e+00" m22="1.00000000e+00" tx="-1.88969097e+01" ty="0.00000000e+00" tz="1.84973755e+01"/>
		</marker>
		<marker vehicle_type="0" type="4">
			<transform m00="1.00000000e+00" m01="0.00000000e+00" m02="0.00000000e+00" m10="0.00000000e+00" m11="1.00000000e+00" m12="0.00000000e+00" m20="0.00000000e+00" m21="0.00000000e+00" m22="1.00000000e+00" tx="-2.86622868e+01" ty="0.00000000e+00" tz="3.84481316e+01"/>
		</marker>
		<marker vehicle_type="0" type="4">
			<transform m00="1.00000000e+00" m01="0.00000000e+00" m02="0.00000000e+00" m10="0.00000000e+00" m11="1.00000000e+00" m12="0.00000000e+00" m20="0.00000000e+00" m21="0.00000000e+00" m22="1.00000000e+00" tx="-9.91431355e-01" ty="7.66708180e-02" tz="2.20273170e+01"/>
		</marker>
		<marker vehicle_type="0" type="4">
			<transform m00="1.00000000e+00" m01="0.00000000e+00" m02="0.00000000e+00" m10="0.00000000e+00" m11="1.00000000e+00" m12="0.00000000e+00" m20="0.00000000e+00" m21="0.00000000e+00" m22="1.00000000e+00" tx="-3.98743224e+00" ty="0.00000000e+00" tz="3.35571213e+01"/>
		</marker>
		<marker vehicle_type="0" type="4">
			<transform m00="1.00000000e+00" m01="0.00000000e+00" m02="0.00000000e+00" m10="0.00000000e+00" m11="1.00000000e+00" m12="0.00000000e+00" m20="0.00000000e+00" m21="0.00000000e+00" m22="1.00000000e+00" tx="-1.02584801e+01" ty="0.00000000e+00" tz="4.41643066e+01"/>
		</marker>
		<marker vehicle_type="4" type="0">
			<transform m00="4.99999970e-01" m01="0.00000000e+00" m02="-8.66025448e-01" m10="0.00000000e+00" m11="1.00000000e+00" m12="0.00000000e+00" m20="8.66025448e-01" m21="0.00000000e+00" m22="4.99999970e-01" tx="-1.43193114e+00" ty="5.27054739e+00" tz="3.54031944e+00"/>
		</marker>
		<marker vehicle_type="4" type="0">
			<transform m00="4.99999970e-01" m01="0.00000000e+00" m02="-8.66025448e-01" m10="0.00000000e+00" m11="1.00000000e+00" m12="0.00000000e+00" m20="8.66025448e-01" m21="0.00000000e+00" m22="4.99999970e-01" tx="-1.52896042e+01" ty="1.41367269e+00" tz="4.10055809e+01"/>
		</marker>
	</markers>
	<details>
		<detail name="detail_0" type="0" blink_pattern="++++--++++--------------------" fov="1.00000000e+00" is_volume="true" radius="1.00000000e+00">
			<transform m00="1.00000000e+00" m01="0.00000000e+00" m02="0.00000000e+00" m10="0.00000000e+00" m11="1.00000000e+00" m12="0.00000000e+00" m20="0.00000000e+00" m21="0.00000000e+00" m22="1.00000000e+00" tx="-5.71771927e+01" ty="5.34668617e+01" tz="1.20434639e+02"/>
			<color x="4.00000000e+01" y="5.00000000e+00" z="5.00000000e+00"/>
			<size x="1.00000000e+00" y="1.00000000e+00" z="1.00000000e+00"/>
		</detail>
		<detail name="detail_2" type="3" blink_pattern="" fov="1.00000000e+00" is_volume="true" radius="1.00000000e+00">
			<transform m00="8.66025388e-01" m01="0.00000000e+00" m02="5.00000000e-01" m10="0.00000000e+00" m11="1.00000000e+00" m12="0.00000000e+00" m20="-5.00000000e-01" m21="0.00000000e+00" m22="8.66025388e-01" tx="-4.24623718e+01" ty="1.40085096e+01" tz="1.14210602e+02"/>
			<color x="1.00000000e+00" y="1.00000000e+00" z="1.00000000e+00"/>
			<size x="4.00000000e+01" y="3.00000000e+01" z="4.50000000e+01"/>
		</detail>
		<detail name="detail_2" type="3" blink_pattern="" fov="1.00000000e+00" is_volume="true" radius="1.00000000e+00">
			<transform m00="8.66025388e-01" m01="0.00000000e+00" m02="5.00000000e-01" m10="0.00000000e+00" m11="1.00000000e+00" m12="0.00000000e+00" m20="-5.00000000e-01" m21="0.00000000e+00" m22="8.66025388e-01" tx="-1.34269196e+02" ty="5.00000000e+00" tz="9.76273270e+01"/>
			<color x="1.00000000e+00" y="1.00000000e+00" z="1.00000000e+00"/>
			<size x="5.00000000e+00" y="1.00000000e+01" z="4.50000000e+01"/>
		</detail>
		<detail name="detail_3" type="3" blink_pattern="" fov="1.00000000e+00" is_volume="true" radius="1.00000000e+00">
			<transform m00="8.66025388e-01" m01="0.00000000e+00" m02="5.00000000e-01" m10="0.00000000e+00" m11="1.00000000e+00" m12="0.00000000e+00" m20="-5.00000000e-01" m21="0.00000000e+00" m22="8.66025388e-01" tx="-4.60613594e+01" ty="5.00000000e+00" tz="1.47969879e+02"/>
			<color x="1.00000000e+00" y="1.00000000e+00" z="1.00000000e+00"/>
			<size x="5.00000000e+00" y="1.00000000e+01" z="4.50000000e+01"/>
		</detail>
		<detail name="detail_4" type="3" blink_pattern="" fov="1.00000000e+00" is_volume="true" radius="1.00000000e+00">
			<transform m00="8.66025388e-01" m01="0.00000000e+00" m02="5.00000000e-01" m10="0.00000000e+00" m11="1.00000000e+00" m12="0.00000000e+00" m20="-5.00000000e-01" m21="0.00000000e+00" m22="8.66025388e-01" tx="-7.56717300e+01" ty="5.00000000e+00" tz="1.24249134e+01"/>
			<color x="1.00000000e+00" y="1.00000000e+00" z="1.00000000e+00"/>
			<size x="5.00000000e+00" y="1.00000000e+01" z="7.00000000e+01"/>
		</detail>
		<detail name="detail_5" type="3" blink_pattern="" fov="1.00000000e+00" is_volume="true" radius="1.00000000e+00">
			<transform m00="4.99999970e-01" m01="0.00000000e+00" m02="-8.66025388e-01" m10="0.00000000e+00" m11="1.00000000e+00" m12="0.00000000e+00" m20="8.66025388e-01" m21="0.00000000e+00" m22="4.99999970e-01" tx="-3.26675835e+01" ty="5.00000000e+00" tz="-2.03172135e+00"/>
			<color x="1.00000000e+00" y="1.00000000e+00" z="1.00000000e+00"/>
			<size x="5.00000000e+00" y="1.00000000e+01" z="6.50000000e+01"/>
		</detail>
		<detail name="detail_6" type="3" blink_pattern="" fov="1.00000000e+00" is_volume="true" radius="1.00000000e+00">
			<transform m00="4.99999970e-01" m01="0.00000000e+00" m02="-8.66025388e-01" m10="0.00000000e+00" m11="1.00000000e+00" m12="0.00000000e+00" m20="8.66025388e-01" m21="0.00000000e+00" m22="4.99999970e-01" tx="-1.33978317e+02" ty="5.00000000e+00" tz="1.22037186e+02"/>
			<color x="1.00000000e+00" y="1.00000000e+00" z="1.00000000e+00"/>
			<size x="5.00000000e+00" y="1.00000000e+01" z="3.00000000e+01"/>
		</detail>
		<detail name="detail_7" type="3" blink_pattern="" fov="1.00000000e+00" is_volume="true" radius="1.00000000e+00">
			<transform m00="4.99999970e-01" m01="0.00000000e+00" m02="-8.66025388e-01" m10="0.00000000e+00" m11="1.00000000e+00" m12="0.00000000e+00" m20="8.66025388e-01" m21="0.00000000e+00" m22="4.99999970e-01" tx="-6.45600128e+01" ty="5.00000000e+00" tz="1.60285492e+02"/>
			<color x="1.00000000e+00" y="1.00000000e+00" z="1.00000000e+00"/>
			<size x="5.00000000e+00" y="1.00000000e+01" z="2.50000000e+01"/>
		</detail>
		<detail name="detail_8" type="3" blink_pattern="" fov="1.00000000e+00" is_volume="true" radius="1.00000000e+00">
			<transform m00="4.99999970e-01" m01="0.00000000e+00" m02="-8.66025388e-01" m10="0.00000000e+00" m11="1.00000000e+00" m12="0.00000000e+00" m20="8.66025388e-01" m21="0.00000000e+00" m22="4.99999970e-01" tx="-2.82226143e+01" ty="1.19852839e+01" tz="2.05260849e+01"/>
			<color x="1.00000000e+00" y="1.00000000e+00" z="1.00000000e+00"/>
			<size x="3.00000000e+01" y="1.50000000e+01" z="2.50000000e+01"/>
		</detail>
	</details>
</data>

